-0.307828
-0.303034
-0.298051
-0.29365
-0.290187
-0.287993
-0.287501
-0.288517
-0.290079
-0.29118
-0.291158
-0.29017
-0.290015
-0.293632
-0.302457
-0.314474
-0.325892
-0.334122
-0.33847
-0.339317
-0.33748
-0.33411
-0.331
-0.330173
-0.33256
-0.337081
-0.341526
-0.343916
-0.342943
-0.33777
-0.328188
-0.315944
-0.305686
-0.30241
-0.306104
-0.311814
-0.31536
-0.316572
-0.318232
-0.323149
-0.331435
-0.340662
-0.348171
-0.35231
-0.351993
-0.346169
-0.334441
-0.318544
-0.302981
-0.292384
-0.287885
-0.287126
-0.288289
-0.293947
-0.306228
-0.320348
-0.329731
-0.331998
-0.328042
-0.319853
-0.309645
-0.299956
-0.293445
-0.291627
-0.293479
-0.296565
-0.299059
-0.300282
-0.300441
-0.3003
-0.300674
-0.301775
-0.30321
-0.304448
-0.305114
-0.305096
-0.30437
-0.30286
-0.300412
-0.296794
-0.292011
-0.286648
-0.281948
-0.27896
-0.277627
-0.277023
-0.27635
-0.275564
-0.27514
-0.275763
-0.277952
-0.281591
-0.285996
-0.290394
-0.294094
-0.296305
-0.295825
-0.291444
-0.282873
-0.272323
-0.265213
-0.266396
-0.274024
-0.28121
-0.283303
-0.280099
-0.273939
-0.267846
-0.264175
-0.263753
-0.266669
-0.273867
-0.284773
-0.295395
-0.30152
-0.301529
-0.295809
-0.285754
-0.273356
-0.261202
-0.252074
-0.248195
-0.250452
-0.25794
-0.268361
-0.279071
-0.288219
-0.295157
-0.300048
-0.303476
-0.305925
-0.307786
-0.309238
-0.310266
-0.310736
-0.310385
-0.309031
-0.306775
-0.304326
-0.302931
-0.303647
-0.306541
-0.310733
-0.315289
-0.319762
-0.32392
-0.327318
-0.329207
-0.329037
-0.327557
-0.327084
-0.330227
-0.337477
-0.346847
-0.355663
-0.362032
-0.365174
-0.365229
-0.36317
-0.360258
-0.357077
-0.352814
-0.346219
-0.338026
-0.332907
-0.336842
-0.350012
-0.366394
-0.380524
-0.390352
-0.396085
-0.398846
-0.39989
-0.400185
-0.400084
-0.399391
-0.397705
-0.3947
-0.390373
-0.385077
-0.379356
-0.373969
-0.370045
-0.368349
-0.368311
-0.36861
-0.368931
-0.369955
-0.371892
-0.374619
-0.378436
-0.383576
-0.388926
-0.392402
-0.392082
-0.38686
-0.376931
-0.364986
-0.356362
-0.355281
-0.360443
-0.367515
-0.373749
-0.378476
-0.381792
-0.383742
-0.384337
-0.383706
-0.382222
-0.380466
-0.379077
-0.378562
-0.379112
-0.3807
-0.383183
-0.386406
-0.390061
-0.393588
-0.396183
-0.39679
-0.394059
-0.386526
-0.373611
-0.357539
-0.344958
-0.343917
-0.35642
-0.375988
-0.393894
-0.405309
-0.409388
-0.407348
-0.401567
-0.395188
-0.391378
-0.392039
-0.397024
-0.404873
-0.413932
-0.422863
-0.430335
-0.435098
-0.436204
-0.433662
-0.428616
-0.423362
-0.420218
-0.420108
-0.422224
-0.42546
-0.429439
-0.434035
-0.438617
-0.442044
-0.443281
-0.441871
-0.437962
-0.432015
-0.424383
-0.415657
-0.406874
-0.398006
-0.387984
-0.379458
-0.380333
-0.393386
-0.410729
-0.423993
-0.430718
-0.432011
-0.429575
-0.424692
-0.418214
-0.410759
-0.40309
-0.396251
-0.391309
-0.388603
-0.387231
-0.385371
-0.381178
-0.373454
-0.362563
-0.351523
-0.345718
-0.348412
-0.356937
-0.365876
-0.371787
-0.373902
-0.372605
-0.368592
-0.362592
-0.355357
-0.347653
-0.340009
-0.332261
-0.323674
-0.315208
-0.312135
-0.319392
-0.3336
-0.346988
-0.35576
-0.360308
-0.36215
-0.36255
-0.362214
-0.361585
-0.361045
-0.361056
-0.361966
-0.363755
-0.365944
-0.36778
-0.3685
-0.367451
-0.364256
-0.359092
-0.35301
-0.34802
-0.346027
-0.347397
-0.35079
-0.354501
-0.357539
-0.359569
-0.360654
-0.360965
-0.360711
-0.360106
-0.35934
-0.358393
-0.357085
-0.355268
-0.352963
-0.350143
-0.34677
-0.342756
-0.338304
-0.334178
-0.331774
-0.332883
-0.338392
-0.346877
-0.355073
-0.359547
-0.357428
-0.346512
-0.32736
-0.307618
-0.299081
-0.302556
-0.308241
-0.310869
-0.311717
-0.313157
-0.31639
-0.321614
-0.328248
-0.335041
-0.340826
-0.345109
-0.348054
-0.3501
-0.351636
-0.35292
-0.353935
-0.35437
-0.353525
-0.350411
-0.343948
-0.333819
-0.321574
-0.310586
-0.304066
-0.303688
-0.309884
-0.320607
-0.330818
-0.336619
-0.338333
-0.339193
-0.341381
-0.344576
-0.348102
-0.352161
-0.356438
-0.360165
-0.363947
-0.369743
-0.378346
-0.388092
-0.396537
-0.402355
-0.405307
-0.405651
-0.403871
-0.400569
-0.396587
-0.392946
-0.390598
-0.390269
-0.392235
-0.395932
-0.399929
-0.402941
-0.405033
-0.407591
-0.411949
-0.417814
-0.423576
-0.427733
-0.429388
-0.428218
-0.424412
-0.419002
-0.413905
-0.410556
-0.408234
-0.40426
-0.397373
-0.39049
-0.387504
-0.388142
-0.390873
-0.39616
-0.403245
-0.409472
-0.41307
-0.413763
-0.411981
-0.408332
-0.40384
-0.399906
-0.397756
-0.397756
-0.399137
-0.400605
-0.400971
-0.399732
-0.397258
-0.394623
-0.393033
-0.393045
-0.394147
-0.395307
-0.395695
-0.395076
-0.39369
-0.392072
-0.390986
-0.391228
-0.393235
-0.396708
-0.400742
-0.404364
-0.406958
-0.408285
-0.408334
-0.407208
-0.405115
-0.402461
-0.400078
-0.399018
-0.399931
-0.402058
-0.40294
-0.399456
-0.390373
-0.379701
-0.376079
-0.383685
-0.396556
-0.406373
-0.409967
-0.408615
-0.404943
-0.40124
-0.398959
-0.398595
-0.399868
-0.402087
-0.404566
-0.406811
-0.408492
-0.409403
-0.409515
-0.408894
-0.407557
-0.405317
-0.401428
-0.394488
-0.382651
-0.36518
-0.34575
-0.334055
-0.336711
-0.347985
-0.357703
