1.48889
1.4889
1.4889
1.48894
1.48894
1.48893
1.48893
1.48893
1.48894
1.48894
1.48895
1.48895
1.48895
1.48894
1.48893
1.48893
1.48893
1.48892
1.48891
1.48891
1.4889
1.4889
1.4889
1.4889
1.48888
1.48888
1.48888
1.48889
1.48889
1.48889
1.48891
1.48891
1.48893
1.48894
1.48894
1.48894
1.48894
1.48894
1.48894
1.48894
1.48894
1.48893
1.48893
1.48893
1.48893
1.48893
1.48892
1.48892
1.48892
1.48892
1.48893
1.48894
1.48894
1.48894
1.48894
1.48894
1.48893
1.48893
1.48895
1.48895
1.48895
1.48895
1.48896
1.48896
1.48895
1.48896
1.48896
1.48896
1.48896
1.48897
1.48896
1.48895
1.48896
1.48896
1.48896
1.48896
1.48895
1.48896
1.48896
1.48896
1.48896
1.48898
1.48897
1.48896
1.48897
1.48898
1.48898
1.48898
1.48897
1.48897
1.48897
1.48897
1.48897
1.48897
1.48898
1.48897
1.48896
1.48896
1.48896
1.48896
1.48895
1.48896
1.48896
1.48896
1.48895
1.48895
1.48896
1.48895
1.48896
1.48895
1.48896
1.48895
1.48895
1.48894
1.48894
1.48894
1.48894
1.48893
1.48893
1.48893
1.48893
1.48894
1.48893
1.48893
1.48893
1.48892
1.48893
1.48892
1.48894
1.48893
1.48893
1.48893
1.48893
1.48894
1.48894
1.48895
1.48894
1.48894
1.48894
1.48894
1.48894
1.48894
1.48894
1.48895
1.48895
1.48895
1.48896
1.48895
1.48896
1.48895
1.48896
1.48896
1.48896
1.48895
1.48894
1.48895
1.48895
1.48895
1.48893
1.48895
1.48895
1.48895
1.48896
1.48897
1.48897
1.48897
1.48897
1.48897
1.48897
1.48897
1.48899
1.48899
1.48899
1.489
1.489
1.48902
1.48902
1.48901
1.48901
1.48901
1.48901
1.48903
1.48903
1.48902
1.48903
1.48904
1.48904
1.48904
1.48905
1.48904
1.48905
1.48904
1.48904
1.48903
1.48903
1.48903
1.48903
1.48902
1.48904
1.48904
1.48903
1.48904
1.48904
1.48904
1.48903
1.48903
1.48902
1.48903
1.48903
1.48903
1.48904
1.48904
1.48903
1.48903
1.48904
1.48904
1.48903
1.48902
1.48902
1.48901
1.489
1.48901
1.48901
1.489
1.48899
1.489
1.48901
1.48899
1.48899
1.48899
1.48899
1.48901
1.48902
1.48901
1.489
1.489
1.48901
1.489
1.48901
1.48901
1.48901
1.489
1.48902
1.48902
1.48903
1.48902
1.48902
1.48902
1.48901
1.48901
1.48901
1.48902
1.48902
1.48901
1.48901
1.489
1.48901
1.48901
1.48899
1.48899
1.48899
1.48899
1.48898
1.48898
1.48898
1.48897
1.48898
1.48897
1.48897
1.48897
1.48898
1.48898
1.48898
1.48899
1.48899
1.48897
1.48895
1.48895
1.48895
1.48896
1.48894
1.48894
1.48893
1.48893
1.48893
1.48895
1.48895
1.48895
1.48896
1.48895
1.48894
1.48893
1.48892
1.48891
1.4889
1.4889
1.48889
1.48888
1.4889
1.4889
1.48891
1.4889
1.48892
1.48893
1.48891
1.48891
1.4889
1.48891
1.4889
1.4889
1.4889
1.4889
1.48889
1.48889
1.48889
1.48888
1.48888
1.48889
1.48889
1.48889
1.48887
1.48887
1.48886
1.48886
1.48886
1.48885
1.48886
1.48888
1.48887
1.48885
1.48885
1.48885
1.48885
1.48885
1.48885
1.48883
1.48884
1.48886
1.48886
1.48887
1.48887
1.48886
1.48886
1.48886
1.48886
1.48888
1.48889
1.48887
1.48886
1.48887
1.48888
1.48888
1.48887
1.48886
1.48887
1.48887
1.48887
1.48887
1.48887
1.48887
1.48886
1.48885
1.48885
1.48885
1.48884
1.48884
1.48884
1.48883
1.48882
1.48882
1.48881
1.4888
1.48881
1.48883
1.48884
1.48884
1.48884
1.48884
1.48884
1.48885
1.48884
1.48886
1.48886
1.48887
1.48886
1.48887
1.48886
1.48886
1.48886
1.48887
1.48888
1.48888
1.48887
1.48889
1.48888
1.48887
1.48889
1.48889
1.48889
1.48889
1.48889
1.48889
1.48889
1.48889
1.48888
1.48887
1.48888
1.48888
1.4889
1.4889
1.4889
1.48892
1.48891
1.48891
1.4889
1.48889
1.48889
1.48889
1.48889
1.48889
1.48889
1.4889
1.4889
1.48889
1.48889
1.4889
1.48889
1.48888
1.48888
1.48888
1.48888
1.48888
1.48888
1.48888
1.48888
1.48888
1.48887
1.48888
1.48888
1.48888
1.48889
1.48889
1.48888
1.48887
1.48886
1.48886
1.48887
1.48889
1.4889
1.4889
1.4889
1.4889
1.48889
1.48888
1.48887
1.48888
1.48889
1.48889
1.48889
1.4889
1.48891
1.4889
1.4889
1.48889
1.48889
1.48889
1.48889
1.4889
1.4889
1.48891
1.48891
1.4889
1.48891
1.48891
1.48889
1.4889
1.48891
1.4889
1.4889
1.4889
1.4889
1.48889
1.48888
1.48889
1.4889
1.48891
1.48892
1.48893
1.48893
1.48894
1.48894
1.48894
1.48893
1.48894
1.48893
1.48893
1.48893
1.48893
1.48892
1.48892
