1.79672
1.79193
1.78696
1.78259
1.77912
1.77693
1.77643
1.77744
1.77902
1.78012
1.7801
1.77912
1.77896
1.78257
1.79139
1.8034
1.81482
1.82304
1.82738
1.82823
1.82638
1.823
1.8199
1.81907
1.82144
1.82596
1.83041
1.8328
1.83184
1.82666
1.81709
1.80486
1.79461
1.79135
1.79504
1.80075
1.8043
1.80551
1.80717
1.81209
1.82038
1.8296
1.8371
1.84124
1.84092
1.8351
1.82337
1.80746
1.7919
1.7813
1.77682
1.77606
1.77723
1.78289
1.79517
1.80928
1.81866
1.82093
1.81699
1.8088
1.7986
1.78891
1.78241
1.78059
1.78243
1.78552
1.78802
1.78924
1.7894
1.78927
1.78964
1.79073
1.79217
1.79341
1.79408
1.79405
1.79332
1.79182
1.78937
1.78575
1.78097
1.77563
1.77092
1.76792
1.76659
1.766
1.76533
1.76454
1.76411
1.76473
1.76692
1.77056
1.77497
1.77936
1.78307
1.78528
1.78479
1.7804
1.77183
1.76128
1.75416
1.75535
1.76298
1.77017
1.77225
1.76905
1.7629
1.7568
1.75313
1.75271
1.75563
1.76282
1.77372
1.78434
1.79046
1.79047
1.78475
1.77469
1.76229
1.75013
1.74101
1.73713
1.73938
1.74687
1.75729
1.76799
1.77714
1.78408
1.78899
1.7924
1.79486
1.79671
1.79816
1.7992
1.79968
1.79933
1.79797
1.79571
1.79327
1.79187
1.79259
1.79548
1.79968
1.80424
1.80871
1.81287
1.81628
1.81816
1.818
1.81651
1.81605
1.81919
1.82644
1.8358
1.84461
1.85099
1.85413
1.85418
1.85211
1.84921
1.84603
1.84176
1.83518
1.82699
1.82188
1.82581
1.83898
1.85537
1.86949
1.87932
1.88507
1.88784
1.88888
1.88918
1.88909
1.88841
1.88673
1.88371
1.87939
1.87409
1.86837
1.863
1.85907
1.85737
1.85734
1.85765
1.85798
1.85899
1.86094
1.86366
1.86749
1.87262
1.87796
1.88144
1.88112
1.87589
1.86596
1.85401
1.8454
1.84432
1.84948
1.85656
1.86279
1.86752
1.87083
1.87277
1.87336
1.87273
1.87125
1.8695
1.86812
1.8676
1.86815
1.86973
1.87222
1.87545
1.8791
1.88261
1.8852
1.8858
1.88306
1.87554
1.86262
1.84654
1.83395
1.83292
1.84543
1.86497
1.88288
1.8943
1.89838
1.89636
1.89058
1.8842
1.88038
1.88104
1.88603
1.89387
1.90294
1.91187
1.91935
1.9241
1.92522
1.92269
1.91765
1.91238
1.90924
1.90913
1.91123
1.91447
1.91845
1.92305
1.92763
1.93105
1.93229
1.93087
1.92697
1.92102
1.91338
1.90465
1.89587
1.887
1.87697
1.86844
1.86931
1.88236
1.89971
1.91297
1.91969
1.92099
1.91855
1.91367
1.90719
1.89974
1.89208
1.88522
1.88026
1.87756
1.87618
1.87433
1.87012
1.8624
1.8515
1.84045
1.83465
1.83736
1.84589
1.85483
1.86075
1.86285
1.86155
1.85753
1.85151
1.84427
1.83655
1.82891
1.82116
1.81256
1.80411
1.80104
1.8083
1.8225
1.83591
1.84469
1.84922
1.85106
1.85145
1.85112
1.85049
1.84995
1.84996
1.85087
1.85265
1.85483
1.85667
1.85738
1.85633
1.85314
1.84798
1.8419
1.83689
1.8349
1.83626
1.83965
1.84336
1.84639
1.84843
1.84953
1.84983
1.84956
1.84895
1.84819
1.84724
1.84593
1.84412
1.84179
1.83899
1.83563
1.83162
1.82717
1.82305
1.82064
1.82174
1.82725
1.83574
1.84395
1.84843
1.8463
1.83537
1.81623
1.7965
1.78796
1.79143
1.7971
1.79973
1.80059
1.80203
1.80526
1.81049
1.81712
1.8239
1.82968
1.83396
1.8369
1.83894
1.84048
1.84176
1.84277
1.84319
1.84234
1.83922
1.83275
1.82263
1.8104
1.79942
1.79291
1.79252
1.79873
1.80944
1.81966
1.82546
1.82719
1.82805
1.83025
1.83344
1.83697
1.84102
1.84529
1.84903
1.85282
1.85862
1.86723
1.87696
1.88542
1.89123
1.89418
1.89454
1.89277
1.88946
1.88548
1.88184
1.87949
1.87916
1.88112
1.88481
1.8888
1.89182
1.89391
1.89649
1.90085
1.90672
1.91249
1.91664
1.91829
1.91712
1.9133
1.90789
1.90279
1.89945
1.89712
1.89315
1.88627
1.87939
1.87639
1.87703
1.87977
1.88505
1.89213
1.89836
1.90195
1.90265
1.90086
1.89721
1.89272
1.88878
1.88663
1.88662
1.88802
1.88948
1.88985
1.88862
1.88615
1.88351
1.88191
1.88191
1.88301
1.88418
1.88458
1.88398
1.88259
1.88097
1.87988
1.88012
1.88211
1.88558
1.88962
1.89325
1.89585
1.89718
1.89723
1.89611
1.89402
1.89137
1.88897
1.88791
1.88882
1.89095
1.89184
1.88836
1.87928
1.86861
1.86498
1.8726
1.88546
1.89526
1.89887
1.89752
1.89384
1.89013
1.88786
1.8875
1.88876
1.89097
1.89346
1.89572
1.8974
1.89832
1.89844
1.89782
1.89649
1.89425
1.89037
1.88342
1.87159
1.85411
1.83468
1.82299
1.82564
1.83691
1.84663
