1.19781
1.19462
1.1913
1.18839
1.18608
1.18462
1.18429
1.18496
1.18601
1.18675
1.18674
1.18608
1.18597
1.18838
1.19426
1.20227
1.20988
1.21536
1.21825
1.21882
1.21759
1.21534
1.21326
1.21271
1.21429
1.2173
1.22027
1.22187
1.22122
1.21777
1.2114
1.20324
1.19641
1.19423
1.19669
1.2005
1.20287
1.20367
1.20478
1.20806
1.21358
1.21973
1.22474
1.22749
1.22728
1.2234
1.21558
1.20497
1.1946
1.18754
1.18454
1.18404
1.18482
1.18859
1.19678
1.20619
1.21244
1.21395
1.21133
1.20587
1.19907
1.19261
1.18827
1.18706
1.18829
1.19035
1.19201
1.19283
1.19293
1.19285
1.19309
1.19382
1.19478
1.19561
1.19605
1.19604
1.19555
1.19455
1.19292
1.1905
1.18732
1.18375
1.18061
1.17861
1.17773
1.17733
1.17689
1.17636
1.17607
1.17649
1.17795
1.18038
1.18331
1.18624
1.18871
1.19018
1.18986
1.18693
1.18122
1.17419
1.16944
1.17024
1.17532
1.18011
1.1815
1.17937
1.17526
1.1712
1.16875
1.16847
1.17042
1.17521
1.18248
1.18956
1.19364
1.19365
1.18984
1.18313
1.17486
1.16676
1.16067
1.15809
1.15959
1.16458
1.17152
1.17866
1.18476
1.18939
1.19266
1.19494
1.19657
1.19781
1.19878
1.19947
1.19978
1.19955
1.19865
1.19714
1.19551
1.19458
1.19506
1.19699
1.19979
1.20283
1.20581
1.20858
1.21085
1.21211
1.212
1.21101
1.2107
1.21279
1.21763
1.22387
1.22974
1.23399
1.23609
1.23612
1.23474
1.2328
1.23068
1.22784
1.22345
1.218
1.21458
1.21721
1.22599
1.23691
1.24633
1.25288
1.25672
1.25856
1.25926
1.25945
1.25939
1.25894
1.25782
1.25581
1.25292
1.24939
1.24558
1.242
1.23938
1.23825
1.23823
1.23843
1.23865
1.23933
1.24063
1.24244
1.24499
1.24841
1.25198
1.25429
1.25408
1.25059
1.24397
1.23601
1.23027
1.22955
1.23298
1.2377
1.24186
1.24501
1.24722
1.24851
1.2489
1.24849
1.2475
1.24633
1.24541
1.24507
1.24543
1.24648
1.24815
1.2503
1.25273
1.25507
1.2568
1.2572
1.25537
1.25036
1.24175
1.23102
1.22263
1.22194
1.23029
1.24332
1.25526
1.26287
1.26559
1.26424
1.26039
1.25613
1.25359
1.25403
1.25736
1.26258
1.26863
1.27458
1.27957
1.28273
1.28348
1.28179
1.27843
1.27492
1.27283
1.27275
1.27416
1.27631
1.27897
1.28204
1.28509
1.28737
1.28819
1.28725
1.28464
1.28068
1.27558
1.26977
1.26391
1.258
1.25131
1.24563
1.24621
1.25491
1.26647
1.27531
1.2798
1.28066
1.27903
1.27578
1.27146
1.2665
1.26138
1.25681
1.25351
1.2517
1.25079
1.24955
1.24675
1.2416
1.23433
1.22697
1.2231
1.22491
1.23059
1.23655
1.2405
1.2419
1.24103
1.23835
1.23434
1.22951
1.22437
1.21927
1.2141
1.20837
1.20274
1.20069
1.20553
1.215
1.22394
1.22979
1.23281
1.23404
1.2343
1.23408
1.23366
1.2333
1.23331
1.23391
1.2351
1.23655
1.23778
1.23825
1.23755
1.23543
1.23199
1.22793
1.2246
1.22326
1.22417
1.22643
1.22891
1.23093
1.23229
1.23302
1.23322
1.23304
1.23264
1.23213
1.23149
1.23062
1.22941
1.22786
1.22599
1.22375
1.22108
1.21811
1.21536
1.21376
1.21449
1.21817
1.22383
1.2293
1.23229
1.23086
1.22358
1.21082
1.19766
1.19197
1.19428
1.19807
1.19982
1.20039
1.20135
1.2035
1.20699
1.21141
1.21594
1.21979
1.22264
1.2246
1.22596
1.22698
1.22784
1.22851
1.22879
1.22823
1.22615
1.22183
1.21509
1.20693
1.19961
1.19527
1.19502
1.19915
1.2063
1.21311
1.21698
1.21813
1.2187
1.22017
1.22229
1.22465
1.22735
1.2302
1.23269
1.23521
1.23908
1.24482
1.25131
1.25695
1.26082
1.26278
1.26302
1.26184
1.25964
1.25699
1.25456
1.25299
1.25277
1.25408
1.25654
1.2592
1.26121
1.26261
1.26432
1.26723
1.27114
1.275
1.27776
1.27886
1.27808
1.27553
1.27193
1.26853
1.2663
1.26475
1.2621
1.25752
1.25293
1.25093
1.25135
1.25318
1.2567
1.26142
1.26557
1.26796
1.26843
1.26724
1.26481
1.26182
1.25919
1.25775
1.25775
1.25868
1.25965
1.2599
1.25908
1.25744
1.25567
1.2546
1.2546
1.25534
1.25612
1.25639
1.25598
1.25506
1.25398
1.25326
1.25341
1.25474
1.25705
1.25975
1.26217
1.2639
1.26479
1.26482
1.26408
1.26268
1.26091
1.25931
1.2586
1.25921
1.26063
1.26123
1.25891
1.25285
1.24574
1.24332
1.2484
1.25698
1.26351
1.26591
1.26501
1.26256
1.26009
1.25857
1.25833
1.25917
1.26065
1.26231
1.26381
1.26493
1.26555
1.26563
1.26521
1.26433
1.26283
1.26025
1.25561
1.24772
1.23607
1.22312
1.21532
1.2171
1.2246
1.23108
