37.2809
31.4589
25.1576
22.3136
21.4023
20.5013
20.0788
19.3617
19.264
18.8049
18.2108
17.509
17.3296
16.7331
16.5592
16.4863
16.0392
14.9571
14.1952
14.0133
13.5833
13.0826
12.7392
12.5447
12.423
12.3649
12.4539
11.8277
11.0406
10.7577
9.85454
9.87375
9.57997
9.75895
9.76559
9.87037
9.55741
9.94179
10.1866
9.64426
9.83379
9.72567
9.78791
9.83529
10.0666
10.198
9.90314
9.94555
9.77169
9.9829
9.94746
10.1605
9.73649
9.90421
9.97028
9.80229
9.58812
9.59134
9.61648
9.61164
9.5334
9.46746
9.56708
9.77853
9.64506
9.842
9.5071
9.73767
10.0688
9.84918
9.65922
9.96325
9.81677
9.65476
9.77601
9.61794
9.91004
9.6593
9.74058
9.90178
9.90403
10.1251
9.74862
10.0652
9.81673
9.583
9.85558
9.78526
10.0404
9.96299
10.1292
9.87125
9.7177
9.94771
9.99099
9.7276
9.80341
9.70559
9.94012
9.92884
9.5268
9.76335
9.87316
9.62078
9.61296
9.736
9.68087
9.76972
9.68758
9.67959
9.50717
9.35442
9.51839
9.47818
9.79614
9.70213
9.8268
10.1216
9.65821
9.66577
9.9904
9.82103
9.76634
9.91672
9.58086
9.48895
9.59578
9.83156
9.85378
10.1058
9.79946
9.81133
9.84441
9.5539
9.82426
9.91484
9.73579
9.79272
10.1451
10.1263
9.74969
10.0308
9.8707
9.72292
9.62915
9.70842
9.66643
9.62204
9.67517
9.81799
9.67653
9.95801
9.81846
9.69154
9.76971
9.84353
9.75902
9.70803
9.61001
9.65211
9.60469
9.64369
9.40409
9.57431
9.69292
9.85309
9.72685
9.92067
9.7917
9.62754
9.52229
9.75106
9.57542
9.54196
9.80315
9.7506
9.741
9.87876
10.0067
9.82595
9.70667
9.79947
9.77602
9.85526
9.79438
9.81338
9.6516
9.8637
9.89053
9.52015
9.45507
9.54099
9.89371
9.65942
9.97995
9.78794
9.6616
9.81671
9.858
9.60944
9.90593
9.86517
9.64901
9.82612
9.79463
9.76626
9.8274
9.69662
9.53897
9.66647
9.77226
9.66912
10.0126
9.62792
9.58497
9.74693
9.8918
9.76764
9.6232
9.68576
9.54803
9.45892
9.54317
9.95513
9.7507
10.0195
9.84271
9.93895
9.75584
9.82275
9.70361
9.53973
9.69847
9.54066
9.72818
9.56298
9.93537
9.89622
9.84555
9.78478
9.87983
9.8017
9.6787
9.62231
9.36306
9.83817
9.72658
9.51035
9.42203
9.64661
9.99863
9.82946
9.89991
9.72564
9.9935
10.1969
10.1971
10.0388
9.73715
9.72494
9.57092
9.71338
9.85285
9.6589
9.74846
9.83281
9.63071
9.80348
9.90256
9.88167
9.52628
9.57347
10.0004
9.66913
9.82565
9.70775
9.96588
9.89643
9.9384
9.78355
9.66879
9.59547
9.81906
9.60992
10.1433
9.86889
9.78169
9.82793
9.59155
9.68697
9.77543
9.95545
9.72431
9.74749
9.64873
9.53569
9.37482
9.45682
9.63987
9.55663
9.9477
9.91486
9.81942
9.38647
9.40875
9.45358
9.59256
9.46866
9.59458
9.87352
9.71116
9.87975
9.7884
9.75962
9.6969
9.96924
9.98693
9.77775
9.90884
9.84231
9.77029
10.1404
10.1027
9.68179
10.0504
10.2083
10.1307
9.99076
9.88065
9.55763
9.77877
9.5194
10.0814
9.42401
9.84038
9.74108
9.65468
9.85315
9.82138
9.74866
9.77256
9.63346
9.82613
9.82607
9.93654
9.87266
9.9423
9.83762
9.61909
9.46589
9.68486
9.71564
9.91473
9.63933
9.4286
9.47841
9.63476
9.79686
9.88048
9.51238
9.47146
9.40738
9.34041
9.62018
9.57965
9.679
9.90483
9.75415
9.99725
9.83229
9.65634
9.49054
9.98039
9.6661
9.62485
9.79953
9.81428
9.67018
9.61958
9.45882
9.67889
9.79844
9.88428
9.50214
9.77039
9.38317
9.8102
9.83559
9.83089
9.61948
10.0528
10.0167
9.56484
9.66435
9.67349
9.63519
9.70591
9.76652
9.77488
9.9047
