16.4736
15.0014
13.5973
12.542
11.7626
11.1695
10.4879
9.98903
9.73167
9.59933
9.39674
9.01534
8.55817
8.05842
7.79081
7.53141
7.42029
7.4389
7.23449
7.09537
6.98619
6.89137
6.78315
6.66677
6.6567
6.61008
6.64351
6.5309
6.58023
6.61051
6.57442
6.53545
6.50987
6.50443
6.43362
6.37106
6.41873
6.4816
6.53623
6.4184
6.38907
6.30714
6.32658
6.31398
6.30684
6.44997
6.54902
6.46909
6.47317
6.38671
6.40492
6.32485
6.44768
6.33456
6.25604
6.27107
6.30341
6.31049
6.34694
6.39657
6.31767
6.33151
6.24736
6.32742
6.39433
6.30394
6.35206
6.35297
6.30997
6.36788
6.30776
6.18939
6.32832
6.37896
6.34024
6.3538
6.3521
6.35641
6.45149
6.31972
6.41182
6.46735
6.33053
6.31876
6.27135
6.31618
6.14716
6.2298
6.38259
6.23644
6.07521
6.31822
6.34849
6.22128
6.20667
6.21066
6.33492
6.33519
6.19154
6.32034
6.3023
6.28039
6.28702
6.20224
6.19397
6.31056
6.28321
6.24971
6.21187
6.2747
6.27325
6.25556
6.29003
6.2727
6.28116
6.17895
6.25781
6.34674
6.30019
6.34292
6.32725
6.35844
6.35239
6.30311
6.28984
6.20439
6.11975
6.21619
6.24371
6.23605
6.34172
6.27988
6.23233
6.16387
6.30448
6.16661
6.12377
6.27767
6.27938
6.22815
6.23769
6.18626
6.254
6.29747
6.20496
6.24534
6.24058
6.26841
6.32801
6.24285
6.21663
6.25265
6.31894
6.32684
6.24947
6.36311
6.30423
6.24842
6.20526
6.23954
6.27535
6.26038
6.36035
6.29702
6.25758
6.25588
6.20699
6.17494
6.17512
6.15509
6.15548
6.21731
6.11173
6.26986
6.24571
6.18395
6.29325
6.3614
6.29874
6.23529
6.19637
6.19983
6.199
6.16346
6.15798
6.31659
6.31869
6.33535
6.08647
6.2319
6.1974
6.1776
6.1532
6.12699
6.28681
6.25507
6.3457
6.17358
6.299
6.14568
6.21006
6.3274
6.31395
6.18929
6.24755
6.369
6.35454
6.15631
6.13294
6.13687
6.27717
6.26816
6.2349
6.25332
6.21865
6.24013
6.26429
6.2337
6.24408
6.24251
6.26453
6.29023
6.30924
6.24156
6.14511
6.16114
6.20558
6.15077
6.22961
6.2665
6.30725
6.31613
6.22704
6.21601
6.26017
6.29334
6.19008
6.27096
6.29167
6.27526
6.28647
6.22234
6.32245
6.2131
6.23753
6.27445
6.33417
6.32163
6.23936
6.23368
6.3336
6.31566
6.30775
6.25011
6.24672
6.18356
6.27554
6.2048
6.26992
6.27462
6.28336
6.25244
6.24658
6.2241
6.20851
6.19224
6.15875
6.22078
6.42457
6.3381
6.14636
6.2506
6.27137
6.34016
6.254
6.34703
6.28639
6.25634
6.22517
6.30208
6.37212
6.36885
6.21451
6.32417
6.39803
6.27548
6.27857
6.33737
6.20019
6.27235
6.42919
6.28574
6.23395
6.21323
6.31196
6.24899
6.26533
6.13487
6.30048
6.17821
6.23462
6.26099
6.31581
6.23397
6.31273
6.27469
6.40178
6.29361
6.32887
6.30665
6.26715
6.29538
6.26198
6.23237
6.2739
6.26312
6.33205
6.1805
6.21395
6.21952
6.26656
6.19239
6.24833
6.25423
6.16648
6.18281
6.18791
6.17995
6.22512
6.21064
6.1837
6.19036
6.12411
6.19272
6.20811
6.24619
6.25273
6.28487
6.21665
6.21885
6.23202
6.2231
6.13652
6.16612
6.13534
6.22241
6.21278
6.22809
6.21374
6.24109
6.28097
6.29942
6.33272
6.23159
6.27894
6.27816
6.26915
6.39182
6.24378
6.23409
6.36376
6.28593
6.27052
6.17371
6.22885
6.24111
6.19524
6.27128
6.30193
6.25445
6.28094
6.13686
6.31448
6.27275
6.25851
6.29022
6.2951
6.23585
6.36345
6.30944
6.3191
6.31135
6.24193
6.31251
6.18625
6.24732
6.30302
6.31861
6.2772
6.19583
6.12434
6.20364
6.25195
6.32721
6.35455
6.25933
6.27502
6.34131
6.15807
6.21392
