28.1744
20.134
18.5876
17.3984
16.7973
16.3141
15.9159
15.4237
14.9614
14.554
13.7646
13.5909
13.2763
13.0169
12.6393
12.1801
11.1454
10.5012
10.4942
9.77307
9.06838
8.87481
8.87481
8.69361
8.66684
8.6644
8.34672
6.77463
6.76984
6.31804
6.20337
6.20337
6.14984
6.14984
6.1478
6.10431
6.10431
6.10431
6.10431
6.10431
6.10431
6.10431
6.10431
6.10431
6.10431
6.10431
6.10431
6.10431
6.10373
6.10373
6.10373
6.10373
6.10373
6.10373
6.10373
6.10373
6.10373
6.10373
6.10373
6.09731
6.09731
6.09731
6.09731
6.09731
6.09731
6.09731
6.09731
6.09731
6.09731
6.09731
6.09731
6.09731
6.09731
6.09731
6.09731
6.09731
6.09731
6.09731
6.09731
6.09731
6.09731
6.09731
6.09731
6.09731
6.09731
6.09731
6.09731
6.09731
6.09731
6.09731
6.09731
6.09731
6.09731
6.09731
6.09731
6.09731
6.09731
6.09731
6.09731
6.09731
6.09731
6.09731
6.09731
6.09731
6.09731
6.09731
6.09731
6.09731
6.09731
6.09731
6.09731
6.09731
6.09731
6.09731
6.09731
6.09731
6.09731
6.09731
6.09731
6.09731
6.09731
6.09731
6.09731
6.09731
6.09731
6.09731
6.09731
6.09731
6.09731
6.09731
6.09731
6.09731
6.09731
6.09731
6.09731
6.09731
6.09731
6.09731
6.09731
6.09731
6.09731
6.09731
6.09731
6.09731
6.09731
6.09731
6.09731
6.09731
6.09731
6.09731
6.09731
6.09731
6.09731
6.09731
6.09731
6.09731
6.09731
6.09731
6.09731
6.09731
6.09731
6.09731
6.09731
6.09731
6.09731
6.09731
6.09731
6.09731
6.09731
6.09731
6.09731
6.09731
6.09731
6.09731
6.09731
6.09731
6.09731
6.09731
6.09731
6.09731
6.09731
6.09731
6.09731
6.09731
6.09731
6.09731
6.09731
6.09731
6.09731
6.09731
6.09731
6.09731
6.09731
6.09731
6.09731
6.09731
6.09731
6.09731
6.09731
6.09731
6.09731
6.09731
6.09731
6.09731
6.09731
6.09731
6.09731
6.09731
6.09731
6.09731
6.09731
6.09731
6.09731
6.09731
6.09731
6.09731
6.09731
6.09731
6.09731
6.09731
6.09731
6.09731
6.09731
6.09731
6.09731
6.09731
6.09731
6.09731
6.09731
6.09731
6.09731
6.09731
6.09731
6.09731
6.09731
6.09731
6.09731
6.09731
6.09731
6.09731
6.09731
6.09731
6.09731
6.09731
6.09731
6.09731
6.09731
6.09731
6.09731
6.09731
6.09731
6.09731
6.09731
6.09731
6.09731
6.09731
6.09731
6.09731
6.09731
6.09731
6.09731
6.09731
6.09731
6.09731
6.09731
6.09731
6.09731
6.09731
6.09731
6.09731
6.09731
6.09731
6.09731
6.09731
6.09731
6.09731
6.09731
6.09731
6.09731
6.09731
6.09731
6.09731
6.09731
6.09731
6.09731
6.09731
6.09731
6.09731
6.09731
6.09731
6.09731
6.09731
6.09731
6.09731
6.09731
6.09731
6.09731
6.09731
6.09731
6.09731
6.09731
6.09731
6.09731
6.09731
6.09731
6.09731
6.09731
6.09731
6.09731
6.09731
6.09731
6.09731
6.09731
6.09731
6.09731
6.09731
6.09731
6.09731
6.09731
6.09731
6.09731
6.09731
6.09731
6.09731
6.09731
6.09731
6.09731
6.09731
6.09731
6.09731
6.09731
6.09731
6.09731
6.09731
6.09731
6.09731
6.09731
6.09731
6.09731
6.09731
6.09731
6.09731
6.09731
6.09731
6.09731
6.09731
6.09731
6.09731
6.09731
6.09731
6.09731
6.09731
6.09731
6.09731
6.09731
6.09731
6.09731
6.09731
6.09731
6.09731
6.09731
6.09731
6.09731
6.09731
6.09731
6.09731
6.09731
6.09731
6.09731
6.09731
6.09731
6.09731
6.09731
6.09731
6.09731
6.09731
6.09731
6.09731
6.09731
6.09731
6.09731
6.09731
6.09731
6.09731
6.09731
6.09731
6.09731
6.09731
6.09731
6.09731
6.09731
6.09731
6.09731
6.09731
6.09731
6.09731
6.09731
6.09731
6.09731
6.09731
