13.7894
11.6947
10.9115
10.3903
9.83422
8.83104
8.4604
8.23575
8.01355
7.7404
7.40064
6.89051
6.46367
6.24819
6.05928
5.88706
5.84107
5.78187
5.5458
5.53553
5.41956
5.28745
5.14162
5.1072
5.05369
5.04324
5.04324
4.97563
4.97563
4.94121
4.93731
4.93731
4.9302
4.84549
4.82228
4.82228
4.82228
4.82228
4.82228
4.82228
4.82228
4.80541
4.80541
4.80541
4.80541
4.80541
4.80541
4.80541
4.80541
4.80541
4.80541
4.80541
4.80541
4.80541
4.80541
4.80541
4.80541
4.80541
4.80541
4.80541
4.80541
4.80541
4.80541
4.80541
4.80541
4.80541
4.80541
4.80541
4.80541
4.80541
4.80541
4.80541
4.80541
4.80541
4.80541
4.80541
4.80541
4.80541
4.69884
4.69884
4.69884
4.69884
4.69884
4.69884
4.69884
4.69884
4.69884
4.69884
4.69884
4.69884
4.69884
4.69884
4.69884
4.69884
4.69884
4.69884
4.69884
4.69884
4.69884
4.69884
4.69884
4.69884
4.69884
4.69884
4.69884
4.69884
4.69884
4.69884
4.69884
4.69884
4.69884
4.69884
4.69884
4.69884
4.69884
4.69884
4.69884
4.69884
4.69884
4.69884
4.69884
4.69884
4.69884
4.69884
4.69884
4.69884
4.69884
4.69884
4.69884
4.69884
4.69884
4.69884
4.69884
4.69884
4.69884
4.69884
4.69884
4.69884
4.69884
4.69884
4.69884
4.69884
4.69884
4.69884
4.69884
4.69884
4.69884
4.69884
4.69884
4.69884
4.69884
4.69884
4.69884
4.69884
4.69884
4.69884
4.69884
4.69884
4.69884
4.69884
4.69884
4.69884
4.69884
4.69884
4.69884
4.69884
4.69884
4.69884
4.69884
4.69884
4.69884
4.69884
4.69884
4.69884
4.69884
4.69884
4.69884
4.69884
4.69884
4.69884
4.69884
4.69884
4.69884
4.69884
4.69884
4.69884
4.69884
4.69884
4.69884
4.69884
4.69884
4.69884
4.69884
4.69884
4.69884
4.69884
4.69884
4.69884
4.69884
4.69884
4.69884
4.69884
4.69884
4.69884
4.69884
4.69884
4.69884
4.69884
4.69884
4.69884
4.69884
4.69884
4.69884
4.69884
4.69884
4.69884
4.69884
4.69884
4.69884
4.69884
4.69884
4.69884
4.69884
4.69884
4.69884
4.69884
4.69884
4.69884
4.69884
4.69884
4.69884
4.69884
4.69884
4.69884
4.69884
4.69884
4.69884
4.69884
4.69884
4.69884
4.69884
4.69884
4.69884
4.69884
4.69884
4.69884
4.69884
4.69884
4.69884
4.69884
4.69884
4.69884
4.69884
4.69884
4.69884
4.69884
4.69884
4.69884
4.69884
4.69884
4.69884
4.69884
4.69884
4.69884
4.69884
4.69884
4.69884
4.69884
4.69884
4.69884
4.69884
4.69884
4.69884
4.69884
4.69884
4.69884
4.69884
4.69884
4.69884
4.69884
4.69884
4.69884
4.69884
4.69884
4.69884
4.69884
4.69884
4.69884
4.69884
4.69884
4.69884
4.69884
4.69884
4.69884
4.69884
4.69884
4.69884
4.69884
4.69884
4.69884
4.69884
4.69884
4.69884
4.69884
4.69884
4.69884
4.69884
4.69884
4.69884
4.69884
4.69884
4.69884
4.69884
4.69884
4.69884
4.69884
4.69884
4.69884
4.69884
4.69884
4.69884
4.69884
4.69884
4.69884
4.69884
4.69884
4.69884
4.69884
4.69884
4.69884
4.69884
4.69884
4.69884
4.69884
4.69884
4.69884
4.69884
4.69884
4.69884
4.69884
4.69884
4.69884
4.69884
4.69884
4.69884
4.69884
4.69884
4.69884
4.69884
4.69884
4.69884
4.69884
4.69884
4.69884
4.69884
4.69884
4.69884
4.69884
4.69884
4.69884
4.69884
4.69884
4.69884
4.69884
4.69884
4.69884
4.69884
4.69884
4.69884
4.69884
4.69884
4.69884
4.69884
4.69884
4.69884
4.69884
4.69884
4.69884
4.69884
4.69884
4.69884
4.69884
4.69884
4.69884
4.69884
4.69884
4.69884
4.69884
4.69884
4.69884
4.69884
4.69884
4.69884
4.69884
4.69884
4.69884
4.69884
4.69884
4.69884
4.69884
