-6.62862
-6.64432
-6.66056
-6.67484
-6.68804
-6.69609
-6.69795
-6.69041
-6.67527
-6.65334
-6.62192
-6.58866
-6.55747
-6.52888
-6.50664
-6.49612
-6.49412
-6.49926
-6.50977
-6.52395
-6.54217
-6.56492
-6.58921
-6.60941
-6.6287
-6.64501
-6.6566
-6.66548
-6.67058
-6.6758
-6.68099
-6.68827
-6.6987
-6.70595
-6.70966
-6.71194
-6.70851
-6.69814
-6.68379
-6.6716
-6.65678
-6.64084
-6.6274
-6.61818
-6.61297
-6.61318
-6.61751
-6.62987
-6.6432
-6.65466
-6.66827
-6.67888
-6.68492
-6.69182
-6.69735
-6.70013
-6.70052
-6.69783
-6.68985
-6.67494
-6.65791
-6.63382
-6.61055
-6.5882
-6.56678
-6.55418
-6.55478
-6.56472
-6.58381
-6.60421
-6.62293
-6.63854
-6.64809
-6.65207
-6.64743
-6.63607
-6.61831
-6.59673
-6.57097
-6.54838
-6.52761
-6.51385
-6.50889
-6.5124
-6.52617
-6.54517
-6.56624
-6.58771
-6.6113
-6.63378
-6.66015
-6.68341
-6.70476
-6.72511
-6.73898
-6.74647
-6.74728
-6.74297
-6.73441
-6.7249
-6.71204
-6.69779
-6.68437
-6.6742
-6.66499
-6.65846
-6.65928
-6.66337
-6.67147
-6.68222
-6.69203
-6.69957
-6.70453
-6.70761
-6.70673
-6.70585
-6.70144
-6.6922
-6.67763
-6.66149
-6.64407
-6.62117
-6.59973
-6.58073
-6.56566
-6.5516
-6.53919
-6.52971
-6.52278
-6.5169
-6.51143
-6.51113
-6.51835
-6.53949
-6.57061
-6.6114
-6.65574
-6.69341
-6.72695
-6.74817
-6.76002
-6.75948
-6.75186
-6.73879
-6.71985
-6.69861
-6.67227
-6.64275
-6.61199
-6.58207
-6.5567
-6.54022
-6.53215
-6.5353
-6.54998
-6.56602
-6.58751
-6.61213
-6.63496
-6.65652
-6.67279
-6.68331
-6.68424
-6.67418
-6.65688
-6.63223
-6.60938
-6.58574
-6.57179
-6.56891
-6.57347
-6.58349
-6.59454
-6.6083
-6.62385
-6.64556
-6.67185
-6.69943
-6.72794
-6.75457
-6.77366
-6.78151
-6.78398
-6.77603
-6.76124
-6.73634
-6.70626
-6.67276
-6.63929
-6.60847
-6.58299
-6.56789
-6.5661
-6.57558
-6.59621
-6.62604
-6.66446
-6.70004
-6.73789
-6.76783
-6.78555
-6.79001
-6.78036
-6.75533
-6.71932
-6.67429
-6.62575
-6.58028
-6.54355
-6.51518
-6.49881
-6.49527
-6.50782
-6.52437
-6.54933
-6.57784
-6.60905
-6.63513
-6.65296
-6.66256
-6.66189
-6.65272
-6.63684
-6.62067
-6.60298
-6.59076
-6.5831
-6.58458
-6.59518
-6.61196
-6.63489
-6.65909
-6.68061
-6.69431
-6.70153
-6.69776
-6.68565
-6.66541
-6.64232
-6.62422
-6.60701
-6.59983
-6.60453
-6.62157
-6.64824
-6.67593
-6.70224
-6.72265
-6.73389
-6.73438
-6.72202
-6.70044
-6.67626
-6.65165
-6.62828
-6.60754
-6.597
-6.59134
-6.59009
-6.59787
-6.61202
-6.63058
-6.64869
-6.66547
-6.67805
-6.68362
-6.68331
-6.67606
-6.66248
-6.64571
-6.62772
-6.61675
-6.6138
-6.62626
-6.64523
-6.66854
-6.68895
-6.69893
-6.70014
-6.68842
-6.66959
-6.6422
-6.60847
-6.57719
-6.5511
-6.53575
-6.53629
-6.55108
-6.57908
-6.61856
-6.66015
-6.69882
-6.7274
-6.7454
-6.75086
-6.74693
-6.73318
-6.71196
-6.68145
-6.64803
-6.61433
-6.5813
-6.55496
-6.5375
-6.52734
-6.52622
-6.53206
-6.54268
-6.55972
-6.57839
-6.60055
-6.62452
-6.64383
-6.66391
-6.67924
-6.69162
-6.69762
-6.70311
-6.70616
-6.70729
-6.70528
-6.70361
-6.70132
-6.69759
-6.68994
-6.68296
-6.67122
-6.65995
-6.64437
-6.62679
-6.61328
-6.60016
-6.59259
-6.59681
-6.61117
-6.63618
-6.66495
-6.68998
-6.71029
-6.72232
-6.72671
-6.72758
-6.7229
-6.71684
-6.71191
-6.70989
-6.70708
-6.70366
-6.69897
-6.69377
-6.68333
-6.67451
-6.65717
-6.63574
-6.61278
-6.58588
-6.55442
-6.53144
-6.51163
-6.49849
-6.49523
-6.50358
-6.51965
-6.54077
-6.56678
-6.59937
-6.6304
-6.66127
-6.69203
-6.71689
-6.73525
-6.7435
-6.74086
-6.72558
-6.70046
-6.66616
-6.62798
-6.59028
-6.55818
-6.53675
-6.52823
-6.53323
-6.55101
-6.57654
-6.60483
-6.63251
-6.66125
-6.68274
-6.70037
-6.70986
-6.72144
-6.72997
-6.73781
-6.74454
-6.74518
-6.74262
-6.73607
-6.72377
-6.71197
-6.69587
-6.67791
-6.65948
-6.64296
-6.62603
-6.6092
-6.59504
-6.58443
-6.57397
-6.56503
-6.56307
-6.56728
-6.57587
-6.58642
-6.59665
-6.60621
-6.61286
-6.61768
-6.62286
-6.63253
-6.64356
-6.65618
-6.66788
-6.67306
-6.67131
-6.662
-6.64461
-6.61953
-6.59431
-6.56916
-6.54709
-6.53026
-6.52775
-6.5365
-6.5553
-6.57851
-6.60658
-6.62845
-6.64372
-6.65278
-6.65648
-6.65379
-6.64813
-6.64391
-6.64016
-6.64356
-6.64941
-6.66161
-6.67662
-6.68971
-6.69759
-6.70186
-6.7017
-6.6997
-6.69289
-6.68457
-6.67187
-6.65793
-6.64214
-6.62274
-6.60067
-6.57628
-6.55589
-6.54201
-6.53241
-6.53359
-6.54272
-6.56208
-6.58409
-6.60886
-6.62811
-6.64213
-6.64979
-6.65444
-6.65056
-6.64583
-6.64431
-6.64748
-6.65929
-6.67961
-6.70474
-6.73037
-6.75159
-6.76839
-6.7774
-6.77795
-6.76857
-6.75264
-6.72576
-6.69398
-6.66169
-6.62933
-6.60192
-6.58362
-6.57087
-6.56407
-6.56423
-6.56874
-6.57822
-6.58875
-6.60213
-6.61309
-6.62376
-6.63124
-6.63362
-6.63592
-6.63433
-6.6279
-6.61763
-6.60605
-6.59076
-6.57716
-6.5667
-6.56062
-6.55518
-6.55136
-6.54589
-6.54356
-6.54298
-6.55156
-6.56642
-6.58806
-6.61707
-6.65035
-6.68572
-6.7212
-6.75027
-6.77429
-6.79361
-6.80355
-6.80553
-6.79495
-6.77453
-6.75028
-6.72395
-6.69913
-6.67771
-6.66057
-6.64811
-6.63872
-6.62961
-6.61702
-6.60552
-6.59465
-6.58716
-6.58349
-6.58598
-6.59447
-6.61217
-6.63378
-6.66188
-6.68853
-6.71489
-6.73437
-6.75013
-6.75539
-6.7539
-6.74444
-6.73009
-6.70911
-6.68818
-6.66978
-6.65152
-6.63797
-6.62833
-6.62094
-6.61687
-6.61069
-6.60408
-6.59569
-6.58323
-6.57057
-6.56049
-6.5497
-6.54208
-6.54359
-6.55397
-6.57572
-6.60293
-6.6326
-6.66189
-6.68695
-6.70746
-6.71832
-6.7193
-6.71421
-6.701
-6.68964
-6.67489
-6.65633
-6.63638
-6.61561
-6.59382
-6.57375
-6.55125
-6.5314
-6.52145
-6.51642
-6.51793
-6.52625
-6.53785
-6.55217
-6.56988
-6.58767
-6.60724
-6.62207
-6.63751
-6.6484
-6.65676
-6.66927
-6.67855
-6.68538
-6.69197
-6.69683
-6.69941
-6.70102
-6.70506
-6.71189
-6.71509
-6.7184
-6.72008
-6.72186
-6.71799
-6.71862
-6.72401
-6.73407
-6.75074
-6.76772
-6.7862
-6.79766
-6.8004
-6.78942
-6.76832
-6.74095
-6.70835
-6.67413
-6.63698
-6.60177
-6.56626
-6.53072
-6.50182
-6.48456
-6.48573
-6.49938
-6.52678
-6.55703
-6.59055
-6.61992
-6.64078
-6.65177
-6.65205
-6.64103
-6.62213
-6.59616
-6.56687
-6.53673
-6.51189
-6.49069
-6.47947
-6.48214
-6.49286
-6.51326
-6.54296
-6.57474
-6.61028
-6.64442
-6.67644
-6.70667
-6.73671
-6.75481
-6.76173
-6.75889
-6.74597
-6.72388
-6.69348
-6.65816
-6.62249
-6.58727
-6.55798
-6.53861
-6.53008
-6.53171
-6.54387
-6.57054
-6.60663
-6.64784
-6.68946
-6.72774
-6.75635
-6.77695
-6.7859
-6.78099
-6.76411
-6.74203
-6.71165
-6.68128
-6.65109
-6.62386
-6.60365
-6.58926
-6.58382
-6.58622
-6.59024
-6.59696
-6.60308
-6.60757
-6.60581
-6.60888
-6.6076
-6.60571
-6.60525
-6.60707
-6.60858
-6.60982
-6.60913
-6.60503
-6.59687
-6.58475
-6.57853
-6.58035
-6.59708
-6.62968
-6.6691
-6.71044
-6.75028
-6.7795
-6.80113
-6.81522
-6.81819
-6.81714
-6.80791
-6.79693
-6.77627
-6.75135
-6.72431
-6.69732
-6.67033
-6.64344
-6.61646
-6.58988
-6.56413
-6.54277
-6.53209
-6.53504
-6.55165
-6.57443
-6.60097
-6.62762
-6.6546
-6.67966
-6.70012
-6.71423
-6.72178
-6.71944
-6.71099
-6.69511
-6.67478
-6.65076
-6.63004
-6.61179
-6.59561
-6.58308
-6.57499
-6.57308
-6.57354
-6.57406
-6.57353
-6.57529
-6.57118
-6.56327
-6.55349
-6.54214
-6.53311
-6.52771
-6.52637
-6.52521
-6.53174
-6.53814
-6.54691
-6.55385
-6.56673
-6.57905
-6.58971
-6.59988
-6.61158
-6.62515
-6.63923
-6.65737
-6.67923
-6.7041
-6.72979
-6.74778
-6.76185
-6.77018
-6.77122
-6.766
-6.75788
-6.74642
-6.73288
-6.72246
-6.7126
-6.70521
-6.69947
-6.69597
-6.69103
-6.68713
-6.67946
-6.66799
-6.654
-6.63888
-6.62324
-6.61298
-6.60373
-6.60065
-6.6031
-6.61083
-6.6199
-6.63015
-6.63906
-6.64105
-6.6379
-6.62596
-6.60884
-6.58921
-6.57196
-6.55625
-6.5529
-6.55453
-6.57093
-6.59491
-6.6237
-6.65011
-6.67192
-6.68658
-6.69479
-6.69837
-6.69321
-6.6887
-6.67727
-6.6659
-6.65212
-6.64026
-6.62802
-6.61597
-6.6106
-6.60506
-6.60249
-6.60093
-6.60166
-6.6056
-6.61341
-6.62383
-6.63596
-6.64468
-6.6509
-6.64999
-6.64813
-6.63938
-6.62552
-6.60996
-6.59361
-6.57699
-6.56705
-6.56364
-6.57302
-6.58798
-6.60626
-6.62813
-6.6505
-6.67337
-6.68937
-6.70223
-6.71186
-6.71942
-6.72489
-6.72988
-6.72818
-6.72192
-6.71107
-6.69691
-6.67457
-6.64825
-6.61934
-6.59194
-6.56482
-6.54874
-6.54599
-6.55948
-6.58976
-6.62896
-6.67382
-6.71743
-6.75147
-6.77304
-6.77507
-6.76277
-6.73492
-6.69913
-6.65934
-6.61729
-6.58043
-6.54914
-6.52185
-6.5062
-6.49989
-6.50665
-6.5244
-6.55206
-6.58379
-6.61568
-6.64543
-6.66681
-6.67958
-6.68722
-6.69013
-6.69261
-6.69425
-6.69562
-6.70132
-6.70807
-6.71436
-6.719
-6.72476
-6.72946
-6.73474
-6.73461
-6.73132
-6.72657
-6.71449
-6.69957
-6.68531
-6.67003
-6.65729
-6.64613
-6.63625
-6.62454
-6.60986
-6.59468
-6.58051
-6.56868
-6.56466
-6.56263
-6.56851
-6.58032
-6.5946
-6.61032
-6.6253
-6.63964
-6.64695
-6.65424
-6.65861
-6.65945
-6.65809
-6.65809
-6.65825
-6.65644
-6.65332
-6.64989
-6.64581
-6.64109
-6.63764
-6.63758
-6.63764
-6.63787
-6.63604
-6.63197
-6.62698
-6.62123
-6.61659
-6.61223
-6.60697
-6.60684
-6.60659
-6.60681
-6.6089
-6.60801
-6.60761
-6.60832
-6.60919
-6.61124
-6.61277
-6.61149
-6.60938
-6.60656
-6.60736
-6.61338
-6.623
-6.63358
-6.64449
-6.65422
-6.66024
-6.66354
-6.66577
-6.66515
-6.66386
-6.65759
-6.65094
-6.64452
-6.63689
-6.63153
-6.63044
