-5.4166
-5.41725
-5.41758
-5.41693
-5.4179
-5.4179
-5.41758
-5.41532
-5.41402
-5.41467
-5.41305
-5.41369
-5.41628
-5.41692
-5.41595
-5.41725
-5.41822
-5.41919
-5.41984
-5.41919
-5.41822
-5.41854
-5.41919
-5.41692
-5.41693
-5.41822
-5.41887
-5.41984
-5.41854
-5.41757
-5.41595
-5.41563
-5.41822
-5.41854
-5.41757
-5.41887
-5.41919
-5.41757
-5.41628
-5.41984
-5.42146
-5.42081
-5.42016
-5.42016
-5.41984
-5.41984
-5.41854
-5.42049
-5.42049
-5.41822
-5.41984
-5.42113
-5.42016
-5.42146
-5.4221
-5.42113
-5.42016
-5.42016
-5.42017
-5.41887
-5.42049
-5.41887
-5.42016
-5.4221
-5.42113
-5.4208
-5.4221
-5.42113
-5.42145
-5.42048
-5.41951
-5.41983
-5.41984
-5.42081
-5.42016
-5.41984
-5.41951
-5.42016
-5.41886
-5.41983
-5.41854
-5.41756
-5.41724
-5.41692
-5.41918
-5.42081
-5.42081
-5.41951
-5.41984
-5.41886
-5.42145
-5.42081
-5.41919
-5.41951
-5.41854
-5.4179
-5.41758
-5.4179
-5.4179
-5.41919
-5.41854
-5.41757
-5.4179
-5.42048
-5.42113
-5.41983
-5.42048
-5.41951
-5.41919
-5.42016
-5.42081
-5.42113
-5.42146
-5.42243
-5.42178
-5.4234
-5.42404
-5.42308
-5.42048
-5.42016
-5.42178
-5.41984
-5.41951
-5.42016
-5.4221
-5.4221
-5.42113
-5.42113
-5.4221
-5.42242
-5.42048
-5.41918
-5.41821
-5.4208
-5.42145
-5.4221
-5.42275
-5.42017
-5.42179
-5.42146
-5.42211
-5.41951
-5.41757
-5.4166
-5.4153
-5.4166
-5.41692
-5.41692
-5.4166
-5.41562
-5.41497
-5.41627
-5.41692
-5.41886
-5.42307
-5.42146
-5.42081
-5.42146
-5.42081
-5.42146
-5.42146
-5.42244
-5.42244
-5.42114
-5.42179
-5.42146
-5.42437
-5.4221
-5.4208
-5.42081
-5.42048
-5.42113
-5.42048
-5.42048
-5.41918
-5.41983
-5.4208
-5.42048
-5.42146
-5.42437
-5.42632
-5.42502
-5.42664
-5.42599
-5.42632
-5.42373
-5.42179
-5.42016
-5.41952
-5.41919
-5.41821
-5.41789
-5.41854
-5.41757
-5.41627
-5.4153
-5.41725
-5.41433
-5.41596
-5.41661
-5.41629
-5.41693
-5.41888
-5.41985
-5.42146
-5.42146
-5.42048
-5.42016
-5.42178
-5.42145
-5.4208
-5.42016
-5.42372
-5.42145
-5.42048
-5.41919
-5.42049
-5.42049
-5.41952
-5.41984
-5.41984
-5.41984
-5.41887
-5.42016
-5.41919
-5.41983
-5.41853
-5.41821
-5.41853
-5.41789
-5.41886
-5.42016
-5.42146
-5.42081
-5.42178
-5.42081
-5.42016
-5.41822
-5.41724
-5.4208
-5.41983
-5.41918
-5.41821
-5.41789
-5.41886
-5.41757
-5.41692
-5.41693
-5.41757
-5.41887
-5.41822
-5.41692
-5.41789
-5.41918
-5.41918
-5.41724
-5.41983
-5.4208
-5.41885
-5.41853
-5.41853
-5.4195
-5.4195
-5.42015
-5.42048
-5.41918
-5.41853
-5.41789
-5.41724
-5.41756
-5.41691
-5.4182
-5.41755
-5.42014
-5.4195
-5.4195
-5.41983
-5.41821
-5.41886
-5.41789
-5.41983
-5.4208
-5.4195
-5.42015
-5.42014
-5.41982
-5.42046
-5.41917
-5.41691
-5.41691
-5.41659
-5.41756
-5.41756
-5.41821
-5.41756
-5.41788
-5.4182
-5.42014
-5.42014
-5.42143
-5.42273
-5.42111
-5.41981
-5.41949
-5.41819
-5.41819
-5.41851
-5.41819
-5.41981
-5.41949
-5.42013
-5.42175
-5.41981
-5.42143
-5.42208
-5.4237
-5.4224
-5.42337
-5.42402
-5.42434
-5.42273
-5.4224
-5.4224
-5.4224
-5.42046
-5.42143
-5.41981
-5.42078
-5.41949
-5.41787
-5.42046
-5.42046
-5.41883
-5.41851
-5.41722
-5.41819
-5.41949
-5.41884
-5.41917
-5.41884
-5.41852
-5.42078
-5.4211
-5.42078
-5.42013
-5.42046
-5.41916
-5.41787
-5.4169
-5.41722
-5.41431
-5.41593
-5.41334
-5.41204
-5.41431
-5.41592
-5.41333
-5.41624
-5.41657
-5.41559
-5.41527
-5.41721
-5.41851
-5.41818
-5.41786
-5.42077
-5.42013
-5.41883
-5.41916
-5.41819
-5.41851
-5.41916
-5.42078
-5.42143
-5.4224
-5.42175
-5.4211
-5.42012
-5.41882
-5.41785
-5.41688
-5.41623
-5.41721
-5.41818
-5.41818
-5.41754
-5.42078
-5.42142
-5.42336
-5.42142
-5.42401
-5.42433
-5.42433
-5.42466
-5.42206
-5.42077
-5.42044
-5.41882
-5.42109
-5.42109
-5.42012
-5.41882
-5.41915
-5.4185
-5.4172
-5.41753
-5.41979
-5.41979
-5.41785
-5.41817
-5.41915
-5.41947
-5.41883
-5.41785
-5.4185
-5.41915
-5.41947
-5.41947
-5.42141
-5.42173
-5.42206
-5.42271
-5.42141
-5.42044
-5.42044
-5.42044
-5.41883
-5.42012
-5.42109
-5.42108
-5.41849
-5.41946
-5.41979
-5.41979
-5.41785
-5.41947
-5.41818
-5.41656
-5.41624
-5.41786
-5.41883
-5.42012
-5.42303
-5.42335
-5.4253
-5.42336
-5.42271
-5.42271
-5.42207
-5.42013
-5.4198
-5.42013
-5.42272
-5.42336
-5.42465
-5.42368
-5.42401
-5.4253
-5.42563
-5.42498
-5.42207
-5.42109
-5.42206
-5.42012
-5.4198
-5.41786
-5.41818
-5.41657
-5.41722
-5.4156
-5.41462
-5.4143
-5.41754
-5.41689
-5.41689
-5.41786
-5.41785
-5.41883
-5.42077
-5.42239
-5.42304
-5.42175
-5.42175
-5.42175
-5.42208
-5.42143
-5.42272
-5.42046
-5.41884
-5.41948
-5.41915
-5.41915
-5.4211
-5.42078
-5.41948
-5.41948
-5.41915
-5.4198
-5.41851
-5.41883
-5.41754
-5.41819
-5.41851
-5.41657
-5.41754
-5.41819
-5.41819
-5.41851
-5.42078
-5.42045
-5.42045
-5.42045
-5.42143
-5.42078
-5.42111
-5.41981
-5.42078
-5.42013
-5.42239
-5.42272
-5.42142
-5.42078
-5.42045
-5.4211
-5.42304
-5.42175
-5.42046
-5.42143
-5.42175
-5.42402
-5.4237
-5.42208
-5.4224
-5.42272
-5.42304
-5.42272
-5.42174
-5.42142
-5.42207
-5.42272
-5.42046
-5.41948
-5.41819
-5.41786
-5.41754
-5.41818
-5.41851
-5.4211
-5.4211
-5.42305
-5.42208
-5.42273
-5.42143
-5.42338
-5.42273
-5.42338
-5.42338
-5.42435
-5.4224
-5.42175
-5.42272
-5.42143
-5.42143
-5.42143
-5.42013
-5.42014
-5.4182
-5.41787
-5.41852
-5.41755
-5.41787
-5.42111
-5.42207
-5.42175
-5.42272
-5.4224
-5.42369
-5.42337
-5.42208
-5.42079
-5.41917
-5.41982
-5.4195
-5.4182
-5.41852
-5.41626
-5.41917
-5.42046
-5.41917
-5.41787
-5.41755
-5.41787
-5.42046
-5.41916
-5.41657
-5.41787
-5.41722
-5.41657
-5.41722
-5.4169
-5.41625
-5.41722
-5.41787
-5.42111
-5.42111
-5.42337
-5.4224
-5.41981
-5.42208
-5.42208
-5.42111
-5.42175
-5.4224
-5.42175
-5.42013
-5.42013
-5.42207
-5.42013
-5.41916
-5.41851
-5.42013
-5.41722
-5.41754
-5.41851
-5.41819
-5.41884
-5.4169
-5.41787
-5.41787
-5.41884
-5.41755
-5.4169
-5.41787
-5.41787
-5.41787
-5.41593
-5.41722
-5.41884
-5.41819
-5.41722
-5.41624
-5.41916
-5.41981
-5.42208
-5.41982
-5.41917
-5.4182
-5.41691
-5.41659
-5.41723
-5.41756
-5.41885
-5.41917
-5.41917
-5.4182
-5.41917
-5.41722
-5.41593
-5.41754
-5.41625
-5.41528
-5.4169
-5.41658
-5.4182
-5.4182
-5.41723
-5.41723
-5.42177
-5.42144
-5.41918
-5.41788
-5.41756
-5.4182
-5.41852
-5.41885
-5.42014
-5.41949
-5.41917
-5.42046
-5.42208
-5.42175
-5.41916
-5.41916
-5.41916
-5.41884
-5.4182
-5.4182
-5.41658
-5.41788
-5.41982
-5.42014
-5.41917
-5.42111
-5.41981
-5.42046
-5.42014
-5.41884
-5.41851
-5.4169
-5.41722
-5.41949
-5.41917
-5.41949
-5.41917
-5.41885
-5.41464
-5.41755
-5.41755
-5.41723
-5.41755
-5.41884
-5.41885
-5.41885
-5.41917
-5.42015
-5.42144
-5.42079
-5.42273
-5.42273
-5.42305
-5.42499
-5.42468
-5.42435
-5.42662
-5.42597
-5.42662
-5.42824
-5.4263
-5.42694
-5.42532
-5.42759
-5.42565
-5.42435
-5.42435
-5.42565
-5.42629
-5.42565
-5.42435
-5.42403
-5.42403
-5.42338
-5.4224
-5.42111
-5.42176
-5.42176
-5.42273
-5.42306
-5.42403
-5.42468
-5.42435
-5.42371
-5.42436
-5.42371
-5.425
-5.42532
-5.42532
-5.42305
-5.42305
-5.42273
-5.42079
-5.41852
-5.41658
-5.4169
-5.41658
-5.41496
-5.41302
-5.41593
-5.41658
-5.4169
-5.41754
-5.4169
-5.4169
-5.41754
-5.41884
-5.41722
-5.42078
-5.42208
-5.4237
-5.42143
-5.42337
-5.4237
-5.42208
-5.42014
-5.41949
-5.41949
-5.41755
-5.41658
-5.41658
-5.4182
-5.42144
-5.42014
-5.42014
-5.42079
-5.42079
-5.42047
-5.42176
-5.42241
-5.42176
-5.42338
-5.42338
-5.42305
-5.42176
-5.42111
-5.41917
-5.42014
-5.42047
-5.42047
-5.42079
-5.42144
-5.42112
-5.42371
-5.42306
-5.42306
-5.42273
-5.42274
-5.42112
-5.42047
-5.42112
-5.41983
-5.41983
-5.41788
-5.41659
-5.41626
-5.4182
-5.41723
-5.42014
-5.41723
-5.41853
-5.4195
-5.42144
-5.42145
-5.4208
-5.41918
-5.41821
-5.4195
-5.41788
-5.42112
-5.42015
-5.4208
-5.41982
-5.4208
-5.42047
-5.41853
-5.42112
-5.42144
-5.42274
-5.42273
-5.42209
-5.42112
-5.42047
-5.41982
-5.42014
-5.41853
-5.41788
-5.41496
-5.41659
-5.41658
-5.41594
-5.41658
-5.41723
-5.41561
-5.41561
-5.41464
-5.41787
-5.41885
-5.41755
-5.41723
-5.41756
-5.42047
-5.4195
-5.41853
-5.41723
-5.41658
-5.41658
-5.41917
-5.41885
-5.41853
-5.41885
-5.42144
-5.42111
-5.42111
-5.42111
-5.4224
-5.41981
-5.41916
-5.41819
-5.41721
-5.41754
-5.4156
-5.41496
-5.41626
-5.41788
-5.42144
-5.42176
-5.42338
-5.42241
-5.42241
-5.42273
-5.42078
-5.42078
-5.42111
-5.41884
-5.42013
-5.42045
-5.42142
-5.42078
-5.42013
-5.41852
-5.41723
-5.4182
-5.41788
-5.41691
-5.41788
-5.41885
-5.42111
-5.42176
-5.42014
-5.42111
-5.4224
-5.42337
-5.42305
-5.42402
-5.42402
-5.42532
-5.42338
-5.42208
-5.42403
-5.42305
-5.42208
-5.4224
-5.42046
-5.41917
-5.4182
-5.41852
-5.4182
-5.41658
-5.41561
-5.41528
-5.41495
-5.41819
-5.41787
-5.41949
-5.42175
-5.42273
-5.42338
-5.42338
-5.42435
-5.42079
-5.42014
-5.41949
-5.41787
-5.41593
-5.41658
-5.4182
-5.41852
-5.41819
-5.41819
-5.41787
-5.41657
-5.4156
-5.4169
-5.41755
-5.41852
-5.41852
-5.41787
-5.41787
-5.41819
-5.41981
-5.42078
-5.41916
-5.42078
-5.42111
-5.42175
-5.42467
-5.42467
-5.42434
-5.4237
-5.42208
-5.42176
-5.4224
-5.4224
-5.42305
-5.4224
-5.4224
-5.42305
-5.42305
-5.42176
-5.42111
-5.42143
-5.42079
-5.41981
-5.41981
-5.41917
-5.42046
-5.41949
-5.42014
-5.42175
-5.42143
-5.42143
-5.42305
