1.21201
1.22706
1.24299
1.25791
1.27014
1.27818
1.28037
1.27509
1.26124
1.23867
1.20887
1.17496
1.14119
1.11195
1.09069
1.07888
1.0759
1.08007
1.08994
1.10476
1.12396
1.14638
1.17002
1.19249
1.21177
1.22679
1.23774
1.24565
1.25203
1.25823
1.26504
1.27264
1.28048
1.28741
1.29209
1.29308
1.28932
1.28057
1.26751
1.25176
1.23532
1.22003
1.20724
1.19801
1.19314
1.19334
1.19897
1.20938
1.22272
1.23644
1.24843
1.25775
1.26476
1.27036
1.27524
1.279
1.28035
1.27767
1.26968
1.25607
1.23742
1.21495
1.19039
1.1661
1.14565
1.13338
1.13268
1.1436
1.16236
1.18373
1.20342
1.21871
1.22826
1.23126
1.22727
1.21623
1.1988
1.17657
1.15211
1.12855
1.10907
1.09628
1.09166
1.09548
1.10699
1.12437
1.14543
1.1682
1.19147
1.21492
1.23869
1.2626
1.28557
1.3056
1.32044
1.32858
1.32971
1.32507
1.31651
1.30571
1.29349
1.28022
1.26647
1.25371
1.24386
1.23863
1.2388
1.24386
1.25228
1.26206
1.27123
1.27844
1.28307
1.28518
1.28495
1.28246
1.27739
1.26913
1.25715
1.24133
1.22229
1.20133
1.18022
1.16057
1.14356
1.1295
1.11806
1.10858
1.10069
1.09448
1.09095
1.09194
1.10014
1.11869
1.14916
1.1893
1.23298
1.27324
1.30517
1.32671
1.33792
1.33997
1.33429
1.32219
1.30455
1.28201
1.25535
1.22583
1.19539
1.16645
1.14172
1.12395
1.11523
1.11644
1.12691
1.14456
1.1667
1.19067
1.21414
1.23505
1.25133
1.26087
1.26181
1.25304
1.23509
1.21077
1.18501
1.16363
1.15098
1.14811
1.15299
1.16236
1.17406
1.18782
1.20467
1.22573
1.25105
1.27895
1.30649
1.33019
1.34734
1.35649
1.35734
1.35003
1.33492
1.31261
1.28447
1.25259
1.21978
1.18928
1.16477
1.15
1.14756
1.15801
1.17994
1.21074
1.24722
1.2857
1.32193
1.35123
1.36927
1.37307
1.36148
1.33548
1.29786
1.25283
1.20527
1.16012
1.12178
1.09373
1.078
1.07512
1.08411
1.10292
1.12885
1.15865
1.18856
1.21464
1.23345
1.24272
1.24205
1.23288
1.21797
1.20051
1.1838
1.17093
1.16457
1.16637
1.17664
1.19408
1.21603
1.23893
1.25916
1.2735
1.27975
1.27695
1.26549
1.24719
1.22508
1.20342
1.18718
1.18065
1.18632
1.20369
1.22938
1.25836
1.28532
1.30573
1.31631
1.31551
1.3038
1.28352
1.25837
1.23246
1.2091
1.1903
1.17718
1.17055
1.17124
1.17934
1.19349
1.21108
1.22919
1.24532
1.25757
1.26444
1.26478
1.25818
1.24525
1.22815
1.21081
1.19855
1.19625
1.20612
1.22573
1.24904
1.26912
1.28072
1.28128
1.27053
1.24976
1.2214
1.18897
1.15704
1.13096
1.11594
1.11582
1.13191
1.16218
1.20165
1.24356
1.28125
1.30983
1.32719
1.3333
1.32905
1.31498
1.29182
1.2613
1.22659
1.1916
1.16019
1.13515
1.11802
1.10915
1.10803
1.11355
1.12449
1.13991
1.15891
1.18042
1.20277
1.22402
1.24248
1.25717
1.26792
1.27521
1.27973
1.28214
1.28295
1.28256
1.28121
1.27891
1.27518
1.26948
1.26153
1.2514
1.23917
1.22488
1.20892
1.19282
1.17971
1.17376
1.1783
1.19395
1.21799
1.24547
1.27113
1.29113
1.30347
1.30819
1.3068
1.30179
1.29606
1.29178
1.28944
1.28792
1.28579
1.28207
1.27655
1.26902
1.25859
1.24383
1.2237
1.19848
1.16996
1.14109
1.1152
1.09506
1.08289
1.07996
1.08636
1.10114
1.12259
1.14892
1.17859
1.21028
1.24244
1.27288
1.29871
1.31674
1.32434
1.32008
1.30416
1.27806
1.24441
1.20688
1.17015
1.13936
1.11889
1.11135
1.11699
1.13381
1.15836
1.18665
1.21497
1.24047
1.26131
1.27701
1.28844
1.29743
1.30564
1.31348
1.31988
1.32312
1.32185
1.31563
1.30495
1.29088
1.27478
1.2578
1.24066
1.22382
1.20753
1.19199
1.17751
1.16464
1.15418
1.14718
1.1449
1.14814
1.1564
1.16759
1.1788
1.18771
1.19372
1.19821
1.20339
1.21112
1.22183
1.23413
1.24518
1.25164
1.25087
1.24156
1.22417
1.20071
1.17419
1.14807
1.12601
1.11176
1.10829
1.11671
1.13551
1.16066
1.1871
1.21027
1.22716
1.23654
1.23863
1.23496
1.22801
1.22087
1.2168
1.21827
1.22605
1.23889
1.25391
1.26764
1.27746
1.28206
1.28157
1.27699
1.26953
1.25991
1.24819
1.23392
1.21683
1.19711
1.17569
1.15421
1.13479
1.11994
1.11229
1.1138
1.12486
1.1439
1.16753
1.19165
1.21251
1.2275
1.23549
1.2369
1.23367
1.22894
1.22645
1.22963
1.24047
1.25884
1.28235
1.30732
1.32984
1.34664
1.35565
1.35588
1.34714
1.32992
1.30531
1.27514
1.2422
1.21018
1.18277
1.16252
1.15009
1.1446
1.14475
1.14958
1.15842
1.17024
1.1833
1.19555
1.20557
1.21273
1.21705
1.21838
1.21614
1.20971
1.19911
1.18527
1.1703
1.1567
1.14624
1.13919
1.1344
1.13026
1.12608
1.12278
1.12285
1.12917
1.14371
1.16664
1.1963
1.2299
1.26462
1.29815
1.32852
1.35383
1.37218
1.3818
1.38151
1.37126
1.35245
1.32788
1.30124
1.27609
1.25499
1.23883
1.22669
1.21665
1.20689
1.19657
1.18604
1.17646
1.1693
1.16595
1.16779
1.17596
1.19107
1.21268
1.23883
1.26645
1.29217
1.31294
1.32675
1.33266
1.33053
1.32106
1.30574
1.28671
1.26643
1.24705
1.23009
1.21654
1.2069
1.20081
1.19673
1.19249
1.18621
1.17718
1.16569
1.1527
1.13939
1.12763
1.12033
1.12087
1.13157
1.15203
1.17956
1.21052
1.2411
1.26778
1.28764
1.29883
1.30109
1.29569
1.28474
1.27048
1.25443
1.23716
1.21851
1.19806
1.17595
1.15329
1.13209
1.11483
1.10359
1.0992
1.10135
1.10903
1.12095
1.13592
1.15265
1.1698
1.18613
1.20096
1.21414
1.226
1.23694
1.24719
1.25648
1.26427
1.27021
1.27443
1.27766
1.28089
1.28493
1.28982
1.29496
1.29924
1.30157
1.30173
1.30077
1.30108
1.3055
1.31588
1.3319
1.35082
1.36833
1.37979
1.38156
1.37187
1.35142
1.32308
1.29048
1.25626
1.22105
1.18455
1.14741
1.11253
1.0846
1.06831
1.06657
1.07957
1.1047
1.13721
1.17138
1.20171
1.22387
1.23519
1.23481
1.22347
1.20328
1.17699
1.1477
1.11854
1.09272
1.07347
1.06355
1.06459
1.07661
1.09798
1.12606
1.15816
1.19208
1.22622
1.25921
1.28944
1.31494
1.33337
1.34255
1.34101
1.32842
1.30568
1.27495
1.23931
1.20235
1.16778
1.13882
1.11816
1.10801
1.10996
1.12471
1.15138
1.18747
1.229
1.27126
1.30954
1.33977
1.35908
1.36608
1.36085
1.34494
1.32092
1.29183
1.26082
1.23096
1.20502
1.18513
1.17236
1.16659
1.16674
1.17108
1.17747
1.18391
1.18873
1.19117
1.19133
1.19005
1.18848
1.1877
1.18822
1.18974
1.19097
1.18996
1.18488
1.17543
1.16396
1.1558
1.15762
1.17404
1.20469
1.24442
1.28608
1.32365
1.35352
1.37451
1.38698
1.3919
1.39019
1.38259
1.36934
1.35062
1.327
1.29996
1.27168
1.24404
1.2178
1.19211
1.16585
1.14011
1.11939
1.10969
1.11394
1.12989
1.15266
1.17824
1.20456
1.23058
1.25499
1.27576
1.29053
1.29743
1.29574
1.28599
1.26979
1.24946
1.22771
1.20699
1.18907
1.17482
1.16456
1.15842
1.15618
1.15696
1.1591
1.16052
1.15937
1.1546
1.14637
1.13595
1.12525
1.11621
1.11016
1.10753
1.10799
1.11095
1.11606
1.12322
1.13242
1.14335
1.15535
1.16763
1.17974
1.19209
1.20566
1.22168
1.24079
1.26266
1.2859
1.30835
1.32763
1.34171
1.34938
1.35043
1.34553
1.33612
1.32402
1.31112
1.29908
1.28922
1.28215
1.27771
1.27485
1.27185
1.26699
1.25899
1.24752
1.23321
1.21744
1.20212
1.18927
1.18067
1.17759
1.18036
1.1881
1.19878
1.20968
1.21794
1.22123
1.21807
1.20808
1.19225
1.17295
1.15375
1.13902
1.13276
1.13731
1.15241
1.17541
1.20226
1.22867
1.25112
1.2674
1.27659
1.27886
1.27533
1.26758
1.25712
1.24511
1.2323
1.21946
1.20755
1.19744
1.18948
1.18362
1.17975
1.1782
1.17958
1.18448
1.19295
1.20401
1.21582
1.22615
1.23302
1.23503
1.23155
1.22279
1.20958
1.19338
1.17638
1.16138
1.15145
1.149
1.15514
1.16914
1.18871
1.2109
1.23295
1.2529
1.26987
1.2837
1.29463
1.30284
1.30831
1.3107
1.30933
1.30339
1.29222
1.27547
1.25346
1.22714
1.19823
1.16954
1.14501
1.12958
1.1278
1.14227
1.17222
1.21336
1.25887
1.30118
1.33359
1.35159
1.3533
1.33939
1.31251
1.27672
1.23661
1.19651
1.15964
1.12804
1.10301
1.08606
1.07943
1.08522
1.10362
1.13192
1.16527
1.19846
1.22723
1.24893
1.26268
1.26934
1.27129
1.2715
1.2725
1.27548
1.28021
1.28566
1.29099
1.29594
1.30073
1.30544
1.30942
1.31123
1.30924
1.30255
1.29143
1.27749
1.2629
1.24957
1.23812
1.22793
1.21773
1.20634
1.19328
1.17907
1.16523
1.15372
1.14647
1.14477
1.14903
1.15857
1.17187
1.18695
1.20192
1.21529
1.22616
1.2341
1.23912
1.24158
1.24216
1.24151
1.24005
1.23792
1.23512
1.23169
1.22794
1.22452
1.22203
1.22068
1.2201
1.21936
1.21753
1.2141
1.20911
1.20304
1.19678
1.19145
1.18781
1.18605
1.18548
1.18506
1.18423
1.18334
1.18327
1.18463
1.18711
1.18949
1.19036
1.18908
1.18633
1.18415
1.18496
1.19033
1.19995
1.21183
1.22339
1.23278
1.23945
1.24373
1.24596
1.24599
1.2434
1.2381
1.23081
1.22277
1.21546
1.2101
1.20739
