0.808008
0.818043
0.828657
0.838604
0.846761
0.852121
0.853578
0.850061
0.840829
0.825779
0.805916
0.783307
0.760792
0.741302
0.727125
0.71925
0.717269
0.720046
0.726624
0.736509
0.749304
0.76425
0.78001
0.794991
0.807846
0.817862
0.825157
0.830431
0.834689
0.838817
0.843359
0.848429
0.853652
0.858271
0.861391
0.86205
0.859546
0.853711
0.845007
0.834505
0.823547
0.813351
0.804828
0.798676
0.795424
0.79556
0.799312
0.806254
0.815143
0.824293
0.832285
0.8385
0.84317
0.846907
0.850162
0.852665
0.853568
0.851777
0.846456
0.837377
0.824944
0.809968
0.79359
0.7774
0.763765
0.755584
0.755123
0.762398
0.774904
0.789152
0.80228
0.812473
0.818839
0.820842
0.818183
0.810819
0.799201
0.784379
0.768074
0.752367
0.739381
0.730856
0.72777
0.73032
0.737992
0.749578
0.763622
0.7788
0.794311
0.809946
0.825795
0.841736
0.857047
0.870398
0.880291
0.885718
0.886472
0.883381
0.877676
0.870473
0.862329
0.853477
0.844312
0.835809
0.829241
0.82575
0.825864
0.829237
0.834856
0.841375
0.847484
0.852294
0.855383
0.856785
0.856634
0.85497
0.851596
0.846084
0.8381
0.827554
0.81486
0.800886
0.786812
0.773717
0.762372
0.752997
0.745372
0.739055
0.733791
0.729652
0.7273
0.727962
0.733428
0.745792
0.766105
0.792864
0.821988
0.84883
0.870113
0.884474
0.891945
0.893312
0.889528
0.88146
0.869698
0.854676
0.836901
0.817218
0.796926
0.777631
0.761149
0.749297
0.743485
0.744294
0.75127
0.76304
0.777802
0.793782
0.809429
0.823369
0.834218
0.840582
0.841205
0.835357
0.823396
0.80718
0.790007
0.775757
0.767321
0.765406
0.768658
0.774907
0.782704
0.791879
0.803111
0.817155
0.83403
0.852633
0.870991
0.886797
0.898228
0.904327
0.904891
0.900022
0.889946
0.875077
0.856313
0.835061
0.813183
0.792851
0.776516
0.766669
0.765042
0.772006
0.786626
0.807161
0.831477
0.857136
0.881286
0.900817
0.912846
0.915381
0.907656
0.890322
0.865242
0.835219
0.803511
0.773412
0.747852
0.729153
0.718669
0.716745
0.722737
0.735279
0.752566
0.772432
0.792375
0.809761
0.822297
0.828482
0.828034
0.821922
0.811979
0.800339
0.789198
0.78062
0.776378
0.777581
0.784428
0.79605
0.810684
0.825954
0.839438
0.849002
0.853166
0.8513
0.84366
0.83146
0.816721
0.802281
0.791453
0.787101
0.790882
0.802459
0.819584
0.838906
0.856879
0.870486
0.87754
0.877007
0.869201
0.855677
0.838914
0.821642
0.806064
0.793532
0.784784
0.780365
0.780826
0.786229
0.795659
0.807388
0.81946
0.830212
0.838383
0.842958
0.843183
0.838783
0.830165
0.818766
0.807208
0.799033
0.797503
0.80408
0.817154
0.832694
0.84608
0.853814
0.854186
0.847018
0.833171
0.814269
0.792646
0.771362
0.753971
0.743957
0.743881
0.754604
0.774784
0.801099
0.829043
0.854167
0.873222
0.884794
0.888868
0.88603
0.876654
0.861211
0.840869
0.817729
0.794403
0.773461
0.756768
0.745343
0.739431
0.738685
0.742364
0.74966
0.759939
0.772605
0.786946
0.801845
0.816012
0.828318
0.83811
0.84528
0.850141
0.853156
0.854758
0.855299
0.855037
0.854141
0.852608
0.850121
0.846322
0.841022
0.83427
0.826112
0.816587
0.805949
0.795212
0.786472
0.782506
0.785535
0.79597
0.81199
0.830311
0.847423
0.86075
0.868981
0.872129
0.871201
0.867863
0.864043
0.861187
0.859626
0.858613
0.857193
0.854712
0.851033
0.846013
0.839057
0.829222
0.8158
0.798985
0.779971
0.760727
0.743467
0.730042
0.721927
0.719974
0.724242
0.734093
0.748392
0.765949
0.785728
0.806852
0.828293
0.848585
0.865805
0.877829
0.882894
0.880056
0.86944
0.852042
0.829609
0.804586
0.780102
0.759572
0.74593
0.740902
0.744663
0.755872
0.772238
0.791099
0.809981
0.826983
0.840876
0.851338
0.858958
0.864953
0.870424
0.875654
0.87992
0.882077
0.881236
0.877085
0.869965
0.860585
0.849854
0.83853
0.827108
0.81588
0.805018
0.794663
0.785009
0.776426
0.769452
0.764785
0.763267
0.765423
0.770934
0.778395
0.785865
0.791805
0.795812
0.798806
0.802261
0.807412
0.814551
0.822751
0.830118
0.834427
0.83391
0.827705
0.816111
0.800472
0.782796
0.76538
0.750672
0.741177
0.738861
0.744473
0.757004
0.773776
0.791402
0.806846
0.818107
0.82436
0.82575
0.823306
0.818675
0.813915
0.811202
0.812178
0.817369
0.82593
0.835937
0.845093
0.851639
0.854705
0.85438
0.851325
0.84635
0.839942
0.832124
0.822613
0.811223
0.798073
0.783795
0.769473
0.756527
0.746628
0.741528
0.742531
0.74991
0.762597
0.778352
0.794432
0.808341
0.818335
0.823661
0.8246
0.822449
0.819293
0.817635
0.819753
0.826979
0.839225
0.854901
0.871548
0.886558
0.897762
0.903767
0.903918
0.898095
0.886614
0.870206
0.850096
0.828136
0.806784
0.788514
0.775015
0.766728
0.763063
0.763167
0.76639
0.77228
0.780161
0.788865
0.797035
0.803713
0.808484
0.811368
0.812251
0.81076
0.806475
0.799407
0.790178
0.780202
0.771135
0.764162
0.759461
0.75627
0.753506
0.750719
0.748519
0.748564
0.75278
0.76247
0.777758
0.79753
0.819931
0.843081
0.865435
0.885679
0.902553
0.914787
0.921201
0.921008
0.914171
0.901635
0.885253
0.867491
0.850724
0.836663
0.825884
0.817795
0.811101
0.804595
0.797712
0.790693
0.784309
0.779531
0.777303
0.77853
0.783973
0.794049
0.808452
0.825889
0.844302
0.861444
0.875291
0.884501
0.888442
0.887017
0.880707
0.870496
0.857807
0.844285
0.83137
0.82006
0.81103
0.804602
0.800537
0.797823
0.794995
0.790804
0.784784
0.777124
0.768465
0.75959
0.751753
0.746884
0.747247
0.754379
0.768017
0.786374
0.807013
0.8274
0.845184
0.858424
0.865885
0.867397
0.863794
0.856495
0.846984
0.836285
0.824774
0.812337
0.798707
0.783968
0.768861
0.754724
0.74322
0.735725
0.732798
0.734236
0.739352
0.747302
0.757279
0.768436
0.779864
0.790756
0.800643
0.809424
0.817331
0.82463
0.831463
0.837651
0.842848
0.84681
0.849621
0.851771
0.853927
0.856621
0.859881
0.863306
0.866158
0.867712
0.867818
0.867177
0.867386
0.870332
0.877254
0.887932
0.900549
0.91222
0.919859
0.921038
0.914577
0.900945
0.882052
0.860323
0.837509
0.814037
0.7897
0.764942
0.741687
0.723068
0.712209
0.711047
0.719712
0.736466
0.758142
0.78092
0.801141
0.815913
0.823458
0.823209
0.81565
0.802185
0.784659
0.765133
0.745691
0.72848
0.715646
0.709032
0.709729
0.717739
0.731987
0.750707
0.772109
0.794723
0.817483
0.83947
0.859624
0.876627
0.888911
0.895034
0.894008
0.885612
0.870454
0.849968
0.826207
0.801569
0.778522
0.759211
0.745437
0.738672
0.739972
0.749805
0.767589
0.791649
0.819332
0.847509
0.873026
0.89318
0.906052
0.910717
0.907234
0.896628
0.880612
0.861223
0.840545
0.820637
0.80335
0.79009
0.781573
0.777729
0.777824
0.780718
0.784979
0.789272
0.792485
0.794115
0.79422
0.793368
0.792322
0.791802
0.79215
0.793158
0.793979
0.793307
0.789922
0.783622
0.775974
0.770532
0.771747
0.78269
0.803127
0.829614
0.857389
0.882436
0.902347
0.916343
0.924656
0.927931
0.926796
0.921726
0.912892
0.900414
0.884665
0.866641
0.847785
0.829361
0.811866
0.794738
0.777236
0.760072
0.74626
0.739791
0.742624
0.753261
0.768443
0.78549
0.803043
0.820383
0.836659
0.850507
0.86035
0.864951
0.863823
0.857327
0.846524
0.832971
0.818471
0.804661
0.79271
0.783215
0.776377
0.772278
0.770786
0.771308
0.772733
0.773677
0.77291
0.769734
0.764246
0.7573
0.750165
0.744143
0.740108
0.738355
0.738661
0.740635
0.744041
0.74881
0.754944
0.762236
0.770234
0.778419
0.786494
0.794727
0.803773
0.814454
0.827196
0.841771
0.857268
0.872234
0.885089
0.894474
0.89959
0.900288
0.89702
0.890747
0.882678
0.874082
0.866056
0.859482
0.854768
0.851807
0.849901
0.847903
0.844659
0.83933
0.83168
0.82214
0.811624
0.801415
0.792849
0.787116
0.785061
0.786908
0.792066
0.799188
0.80645
0.811962
0.814151
0.812046
0.805385
0.794833
0.781965
0.76917
0.759347
0.755172
0.758204
0.768271
0.783605
0.801504
0.81911
0.83408
0.844933
0.851058
0.852575
0.850217
0.845051
0.83808
0.83007
0.821531
0.812975
0.805033
0.798294
0.792989
0.78908
0.786502
0.785465
0.786385
0.789654
0.795298
0.802673
0.810544
0.817435
0.822014
0.823353
0.821033
0.815195
0.806387
0.795586
0.784253
0.774256
0.76763
0.766002
0.770095
0.779425
0.792471
0.807267
0.821966
0.835265
0.846583
0.855802
0.863087
0.868558
0.872206
0.873801
0.872889
0.86893
0.861478
0.850316
0.835637
0.818094
0.798822
0.779695
0.763343
0.753055
0.751867
0.761515
0.781481
0.808905
0.839244
0.867451
0.889061
0.901063
0.902203
0.892927
0.875003
0.851146
0.824407
0.797673
0.773095
0.752024
0.735339
0.724043
0.719623
0.723482
0.73575
0.754615
0.776845
0.798971
0.818156
0.832622
0.841786
0.846228
0.847525
0.847668
0.848332
0.850321
0.853471
0.857108
0.860659
0.863963
0.867156
0.870291
0.872947
0.874155
0.872827
0.868364
0.860956
0.85166
0.841936
0.833049
0.825414
0.81862
0.811819
0.804226
0.795522
0.786048
0.776819
0.769147
0.764313
0.763177
0.766019
0.772381
0.781247
0.791297
0.801281
0.810196
0.817439
0.822732
0.82608
0.827719
0.828108
0.827674
0.8267
0.82528
0.823416
0.821129
0.818629
0.816345
0.81469
0.813786
0.813397
0.812905
0.811686
0.809403
0.806073
0.802026
0.797856
0.794298
0.791871
0.790702
0.790323
0.790038
0.789488
0.788892
0.788846
0.78975
0.791409
0.792991
0.793577
0.792723
0.790889
0.789436
0.789974
0.793552
0.799964
0.807885
0.81559
0.821856
0.826301
0.829153
0.830639
0.830659
0.828932
0.8254
0.820539
0.815179
0.81031
0.806732
0.804928
