0.444949   -0.482344   -0.422532
-0.198577   -0.279181   -0.293894
0.281207   -0.485112   -0.314241
-0.316671   -0.417581   -0.138556
-0.138703   0.479713   -0.42784
0.0348601   -0.243887   0.481714
-0.151483   -0.328347   -0.482471
-0.00816368   -0.366305   -0.325656
0.10806   0.169769   -0.335222
0.161484   -0.253732   -0.338304
0.161794   -0.326379   -0.14642
0.373787   0.341662   -0.322607
-0.416656   -0.233156   -0.219384
-0.27942   -0.0880624   -0.471497
-0.494336   -0.0554867   -0.379314
-0.239118   -0.0934332   -0.212471
-0.271031   -0.0828286   0.316521
-0.019877   0.116986   0.259963
-0.0854766   -0.0549752   0.489738
0.00794552   -0.203056   -0.210338
0.0413747   -0.159542   0.287643
0.298325   -0.112878   0.449148
0.169634   0.00982433   0.353068
0.481863   -0.0775856   -0.140031
0.387734   0.143031   0.427061
-0.425946   0.385142   0.339124
-0.340784   -0.466311   -0.352835
-0.300809   0.316525   -0.379509
-0.186791   0.0945952   0.37698
0.0303739   0.371208   -0.438215
-0.20499   0.396528   -0.151263
-0.0106385   0.143076   -0.483486
0.26564   0.127993   0.219232
0.221288   0.230889   -0.483439
0.30692   0.0457503   -0.427185
0.49445   0.17693   -0.396663
0.467508   -0.407901   -0.214012
-0.395535   -0.292012   0.0443989
0.381877   -0.296158   0.18738
-0.465653   -0.456391   -0.0091861
0.0538428   0.223705   -0.140927
-0.087088   -0.398033   -0.109862
-0.269806   -0.460536   0.0602498
0.209694   0.0949243   -0.170889
-0.0217351   0.426181   -0.210677
0.363239   -0.249124   -0.0905832
0.0421182   0.424312   0.0038924
0.172181   0.451056   -0.144077
-0.340586   -0.0418098   -0.0132875
-0.285021   0.122412   -0.421565
-0.399821   0.0545555   -0.229831
-0.10815   -0.0765066   -0.000182481
-0.205006   -0.23049   -0.0524413
0.135573   -0.041075   -0.344963
-0.0594731   0.0339184   -0.284614
0.0335079   -0.242274   0.0337356
0.280638   -0.0539873   -0.0485733
0.299762   -0.0964546   -0.234282
0.0596223   -0.0132106   -0.0934702
0.445849   -0.115441   0.0827589
-0.46677   0.296983   -0.167244
-0.265993   0.210146   -0.139697
0.385664   0.426863   -0.115529
-0.372718   0.357348   -0.0129397
-0.0901868   0.0997494   -0.0623504
-0.120955   0.26473   -0.334569
-0.15996   0.351789   0.0591036
0.0935199   0.224392   0.06931
0.404561   0.141626   -0.231794
0.26796   0.279952   -0.137654
0.20903   0.332337   0.327327
0.439701   0.273361   0.0113714
0.485156   0.471261   0.170487
-0.303602   -0.322375   0.259594
0.422429   -0.270325   -0.345719
-0.353114   -0.274071   -0.458791
-0.352023   -0.452368   0.444394
-0.113074   -0.289328   0.138805
-0.132208   -0.235682   0.337809
-0.0348006   -0.431844   0.36114
-0.0118634   0.422912   0.216764
0.239754   -0.399225   0.0699108
0.236995   -0.295578   0.375896
0.231445   -0.46166   0.263556
-0.423377   -0.168912   0.229092
-0.367395   0.156047   0.0146016
0.43728   -0.043317   0.300201
-0.45542   -0.158375   0.418033
-0.0914919   -0.0828344   0.188677
-0.203662   0.0780243   0.101543
-0.258418   -0.15561   0.136823
0.0689894   -0.365018   0.192671
0.108209   0.0162972   0.133022
0.461359   0.080062   0.0011819
0.251353   -0.143874   0.243179
0.482035   -0.412088   0.330614
-0.331669   0.274529   0.188656
-0.2308   0.463885   0.277815
0.373246   0.371096   0.439405
-0.39166   0.0711169   0.391292
-0.392014   0.0313803   0.17878
-0.150064   0.246278   0.246526
-0.210399   0.32489   0.436955
-0.0213021   0.311042   0.382328
0.278337   0.174363   0.0111586
0.291366   0.396616   0.0765652
0.200998   -0.440505   -0.483947
0.469645   0.193939   0.201731
