-5.28557
-5.1453
-4.89708
-4.5288
-4.03816
-3.42304
-2.71596
-1.98419
-1.34347
-0.889812
-0.658246
-0.61382
-0.689182
-0.809852
-0.926314
-1.01536
-1.07429
-1.10744
-1.11871
-1.10757
-1.05951
-0.969305
-0.852877
-0.734207
-0.639679
-0.592196
-0.592596
-0.632796
-0.690917
-0.743679
-0.771211
-0.772976
-0.752998
-0.728203
-0.713998
-0.721871
-0.757181
-0.807161
-0.85485
-0.891164
-0.916574
-0.936698
-0.957415
-0.979319
-0.995607
-0.998363
-0.984384
-0.963311
-0.936134
-0.91675
-0.454332
-0.297197
-0.0498284
0.252648
0.558904
0.856053
1.13949
1.38245
1.52573
1.55767
1.53816
1.53248
1.54229
1.52327
1.43665
1.28351
1.11203
0.979751
0.924841
0.927261
0.942377
0.953155
0.950599
0.919643
0.844344
0.741061
0.643828
0.585702
0.583056
0.626878
0.705949
0.810511
0.93576
1.05399
1.13473
1.17373
1.19265
1.21295
1.2414
1.26636
1.25748
1.17148
1.0282
0.885732
0.788433
0.743221
0.750392
0.804816
0.901078
1.02652
1.38801
1.61657
1.82699
1.96571
1.9954
1.94204
1.8579
1.75892
1.65102
1.5478
1.49068
1.52492
1.68613
1.94834
2.20005
2.31425
2.26238
2.10026
1.90179
1.72861
1.61207
1.56198
1.56202
1.5882
1.61456
1.62572
1.62242
1.61128
1.59054
1.58482
1.62108
1.70133
1.78543
1.78753
1.65839
1.48738
1.39213
1.40252
1.47404
1.56086
1.61327
1.57541
1.47181
1.40518
1.41982
1.4584
1.44352
1.41727
1.42115
1.4436
1.53713
1.57201
1.56769
1.52471
1.46914
1.42003
1.38168
1.38735
1.47679
1.67034
1.93255
2.14575
2.16865
1.9982
1.78431
1.64976
1.61274
1.65855
1.74097
1.82707
1.91649
1.97159
1.9262
1.79728
1.67858
1.61237
1.58996
1.59811
1.66449
1.78498
1.8733
1.87729
1.85071
1.84175
1.85253
1.85631
1.83222
1.77532
1.69803
1.60872
1.5135
1.42471
1.36914
1.36394
1.42194
1.53574
1.67041
1.78119
1.86158
1.91452
1.98162
1.98132
2.08253
2.33489
2.60289
2.69403
2.60473
2.46636
2.33938
2.21084
2.1348
2.17727
2.24918
2.20743
2.10588
2.07997
2.18412
2.38594
2.59285
2.70266
2.66037
2.50699
2.32822
2.21698
2.18502
2.15692
2.07797
1.97853
1.88543
1.80729
1.76398
1.78351
1.8197
1.77913
1.7031
1.72256
1.8664
2.06376
2.22713
2.30511
2.28604
2.18805
2.06222
1.94784
1.84415
1.75344
1.6934
1.68793
1.73932
1.79257
1.75332
1.69991
1.6787
1.73768
1.87788
2.03985
2.11585
2.04898
1.90069
1.77863
1.7657
1.89685
2.15798
2.45113
2.65908
2.73913
2.68865
2.52037
2.28831
2.04093
1.79301
1.59882
1.50568
1.51087
1.5832
1.68889
1.80323
1.90029
1.97175
2.01789
2.03816
2.00853
1.91089
1.79011
1.71623
1.70264
1.73571
1.85005
2.04423
2.22275
2.28356
2.22344
2.12989
2.10008
2.10813
2.09304
2.0459
2.01414
2.00678
1.97922
1.93474
1.84095
1.78484
1.76512
1.7891
1.88334
2.03563
2.17835
2.26531
2.31611
2.33576
2.30931
2.2618
2.25095
2.29978
2.39242
2.4981
2.55667
2.5126
2.38176
2.23055
2.13913
2.15027
2.23189
2.31812
2.36396
2.36039
2.32994
2.30157
2.28071
2.28079
2.29627
2.28683
2.22036
2.13069
2.06704
2.06666
2.13797
2.24976
2.35372
2.40134
2.37366
2.31796
2.28394
2.28988
2.34059
2.40938
2.43984
2.42205
2.39868
