1.09618
1.08348
1.05997
1.0224
0.966642
0.889808
0.794144
0.690966
0.599708
0.538377
0.512941
0.516545
0.536335
0.560072
0.579604
0.591858
0.597944
0.600582
0.601209
0.598805
0.590965
0.576543
0.557528
0.538599
0.524621
0.51871
0.521506
0.531057
0.543561
0.554674
0.561025
0.561801
0.558863
0.555281
0.553686
0.555957
0.562618
0.571718
0.580055
0.585809
0.589422
0.592527
0.59628
0.600516
0.604011
0.605281
0.603444
0.599031
0.594092
0.590831
1.09111
1.06607
1.02568
0.976975
0.929635
0.884932
0.840641
0.802634
0.781779
0.781185
0.78893
0.791162
0.787601
0.788362
0.801979
0.827762
0.856893
0.8772
0.881603
0.875026
0.867596
0.863081
0.862337
0.868608
0.884411
0.906817
0.92829
0.941871
0.944856
0.938827
0.926548
0.909207
0.887781
0.866625
0.852193
0.845816
0.842746
0.839457
0.834998
0.830254
0.832114
0.848827
0.877275
0.90519
0.923987
0.932456
0.931641
0.921539
0.903067
0.878043
1.06386
1.01849
0.976614
0.949601
0.944379
0.954719
0.970334
0.988685
1.01012
1.03143
1.04575
1.04331
1.0162
0.968572
0.922436
0.902325
0.913578
0.945003
0.980897
1.01021
1.02802
1.03367
1.03066
1.02454
1.02037
1.02043
1.02378
1.02939
1.03596
1.03878
1.03188
1.01413
0.994008
0.989848
1.01209
1.04319
1.05875
1.05329
1.03585
1.01502
1.00064
1.00452
1.022
1.03272
1.02641
1.01736
1.02139
1.02929
1.03162
1.02957
1.09464
1.08832
1.08891
1.09639
1.10481
1.11198
1.11747
1.11557
1.09864
1.06258
1.01293
0.97369
0.974249
1.01316
1.05911
1.08799
1.09556
1.08671
1.07033
1.05324
1.03431
1.02052
1.02645
1.04889
1.0694
1.07914
1.082
1.08025
1.06877
1.04704
1.03174
1.03461
1.04325
1.04677
1.04617
1.04661
1.0525
1.06463
1.08008
1.09696
1.1146
1.13011
1.13967
1.13983
1.12759
1.10416
1.07678
1.05361
1.0376
1.02749
1.09997
1.10407
1.08861
1.04124
0.990366
0.975412
0.99643
1.0249
1.04981
1.07479
1.08975
1.08071
1.06645
1.07745
1.10166
1.10999
1.0912
1.05229
1.01109
0.988117
0.993647
1.02019
1.04985
1.06465
1.06278
1.062
1.07267
1.0883
1.10357
1.11783
1.12637
1.12326
1.11789
1.13075
1.15343
1.15645
1.13371
1.09953
1.07109
1.0575
1.06123
1.07894
1.10045
1.11848
1.13375
1.14762
1.15695
1.15603
1.14519
1.13591
1.10572
1.12098
1.13034
1.12239
1.09685
1.06624
1.05219
1.06699
1.09818
1.12383
1.12869
1.10538
1.05743
1.00459
0.969095
0.957901
0.970483
1.00343
1.04576
1.08949
1.13287
1.16621
1.17963
1.17429
1.1566
1.13284
1.10841
1.08674
1.06932
1.05637
1.04801
1.04896
1.06474
1.08626
1.09814
1.09907
1.09206
1.06977
1.03076
0.995228
0.983897
0.997663
1.01747
1.02265
1.01937
1.02251
1.03195
1.03817
1.0384
1.04298
1.11822
1.13878
1.1529
1.16169
1.16383
1.15271
1.12946
1.10767
1.09537
1.08804
1.08398
1.08722
1.09446
1.09449
1.08292
1.06364
1.04236
1.03073
1.04001
1.06748
1.0987
1.11778
1.11679
1.10233
1.08827
1.08369
1.08911
1.09851
1.10666
1.11135
1.10999
1.10326
1.10053
1.10872
1.1218
1.13009
1.12636
1.10959
1.08675
1.06715
1.06073
1.07106
1.0873
1.09905
1.10326
1.09827
1.08875
1.08527
1.0908
1.09531
