-4.71475
-4.71475
-4.71173
-4.70493
-4.69994
-4.69587
-4.69541
-4.69435
-4.6954
-4.69631
-4.69706
-4.69737
-4.69888
-4.69919
-4.69934
-4.70039
-4.70206
-4.70206
-4.70039
-4.7007
-4.70085
-4.69994
-4.70009
-4.69994
-4.69888
-4.69979
-4.70024
-4.7013
-4.70191
-4.70221
-4.7013
-4.70221
-4.70191
-4.701
-4.69994
-4.69919
-4.70009
-4.7007
-4.7007
-4.70085
-4.701
-4.7004
-4.69949
-4.69919
-4.69889
-4.69798
-4.69677
-4.69919
-4.69934
-4.69919
-3.93643
-3.93523
-3.93523
-3.93477
-3.93401
-3.9322
-3.93311
-3.9322
-3.93295
-3.93386
-3.93341
-3.93281
-3.93341
-3.93401
-3.93401
-3.93522
-3.93507
-3.93553
-3.93583
-3.93643
-3.93718
-3.93703
-3.93749
-3.93703
-3.93748
-3.93703
-3.93688
-3.93764
-3.93779
-3.93854
-3.93824
-3.93809
-3.93628
-3.93582
-3.93628
-3.93658
-3.93779
-3.93809
-3.93658
-3.93673
-3.93597
-3.93703
-3.93703
-3.93688
-3.93643
-3.93703
-3.93613
-3.93597
-3.93582
-3.93688
-3.60346
-3.60331
-3.60391
-3.6027
-3.60149
-3.6018
-3.6018
-3.6015
-3.59953
-3.60014
-3.60044
-3.60165
-3.60256
-3.6024
-3.60134
-3.6024
-3.60391
-3.60301
-3.60271
-3.60256
-3.60286
-3.60271
-3.60346
-3.60361
-3.60331
-3.60376
-3.60497
-3.60407
-3.60512
-3.60588
-3.60618
-3.60663
-3.60603
-3.60466
-3.60527
-3.60543
-3.60513
-3.60392
-3.60316
-3.60331
-3.60331
-3.60331
-3.60347
-3.60135
-3.60165
-3.60089
-3.60195
-3.60241
-3.60165
-3.60241
-3.4963
-3.49675
-3.4969
-3.49584
-3.49569
-3.49418
-3.49418
-3.49494
-3.496
-3.496
-3.49675
-3.49659
-3.49478
-3.49539
-3.49615
-3.49434
-3.49509
-3.49479
-3.49554
-3.49615
-3.49645
-3.4972
-3.49795
-3.49886
-3.4972
-3.49645
-3.49478
-3.49569
-3.49554
-3.49493
-3.49644
-3.49659
-3.49584
-3.49629
-3.49523
-3.49478
-3.49463
-3.49478
-3.49508
-3.49569
-3.49554
-3.49705
-3.49659
-3.49524
-3.49403
-3.49327
-3.49251
-3.49493
-3.49523
-3.49478
-3.38561
-3.38531
-3.38456
-3.3844
-3.38319
-3.38364
-3.38455
-3.38546
-3.38471
-3.38592
-3.38743
-3.38728
-3.38606
-3.38561
-3.38562
-3.38592
-3.38652
-3.38592
-3.38561
-3.38485
-3.3853
-3.3841
-3.38426
-3.38426
-3.38486
-3.38319
-3.38319
-3.3838
-3.38455
-3.38395
-3.38426
-3.3841
-3.3841
-3.3847
-3.38471
-3.38592
-3.38682
-3.38712
-3.38697
-3.38787
-3.38848
-3.38863
-3.38848
-3.38788
-3.38879
-3.38864
-3.38758
-3.38834
-3.38833
-3.38803
-3.44127
-3.44188
-3.44128
-3.44233
-3.44369
-3.44324
-3.44308
-3.44293
-3.44263
-3.44339
-3.44309
-3.444
-3.44324
-3.44097
-3.44036
-3.44097
-3.44112
-3.44188
-3.44324
-3.44278
-3.44279
-3.44203
-3.44218
-3.44263
-3.44308
-3.44369
-3.44142
-3.44051
-3.44066
-3.44051
-3.43991
-3.44111
-3.44157
-3.44097
-3.44142
-3.44096
-3.44127
-3.44082
-3.44127
-3.44081
-3.44096
-3.44051
-3.44097
-3.44233
-3.44459
-3.44338
-3.44383
-3.44308
-3.44323
-3.44292
-3.35732
-3.35687
-3.35702
-3.35748
-3.35763
-3.35763
-3.35793
-3.35762
-3.35838
-3.35793
-3.35763
-3.35808
-3.35763
-3.35672
-3.35672
-3.35657
-3.35611
-3.35611
-3.35717
-3.35717
-3.35823
-3.35914
-3.35854
-3.35808
-3.35762
-3.35627
-3.35566
-3.35733
-3.35733
-3.35823
-3.35824
-3.35808
-3.35672
-3.35627
-3.35567
-3.35567
-3.35688
-3.35824
-3.35839
-3.35824
-3.35718
-3.35582
-3.35567
-3.35658
-3.35673
-3.35612
-3.35506
-3.35597
-3.35567
-3.35613
