1.64428
1.62521
1.58995
1.5336
1.44996
1.33471
1.19122
1.03645
0.899562
0.807565
0.769412
0.774817
0.804503
0.840109
0.869406
0.887787
0.896916
0.900872
0.901814
0.898208
0.886447
0.864815
0.836292
0.807899
0.786931
0.778066
0.782259
0.796586
0.815342
0.83201
0.841537
0.842701
0.838294
0.832922
0.830529
0.833936
0.843927
0.857577
0.870082
0.878713
0.884133
0.88879
0.89442
0.900774
0.906017
0.907921
0.905166
0.898547
0.891138
0.886247
1.63667
1.59911
1.53852
1.46546
1.39445
1.3274
1.26096
1.20395
1.17267
1.17178
1.18339
1.18674
1.1814
1.18254
1.20297
1.24164
1.28534
1.3158
1.3224
1.31254
1.30139
1.29462
1.29351
1.30291
1.32662
1.36023
1.39244
1.41281
1.41728
1.40824
1.38982
1.36381
1.33167
1.29994
1.27829
1.26872
1.26412
1.25918
1.2525
1.24538
1.24817
1.27324
1.31591
1.35779
1.38598
1.39868
1.39746
1.38231
1.3546
1.31707
1.59579
1.52773
1.46492
1.4244
1.41657
1.43208
1.4555
1.48303
1.51518
1.54715
1.56863
1.56497
1.5243
1.45286
1.38365
1.35349
1.37037
1.4175
1.47135
1.51532
1.54203
1.5505
1.54599
1.5368
1.53056
1.53064
1.53567
1.54409
1.55394
1.55818
1.54782
1.5212
1.49101
1.48477
1.51814
1.56478
1.58812
1.57993
1.55378
1.52253
1.50096
1.50677
1.53301
1.54908
1.53961
1.52604
1.53208
1.54393
1.54744
1.54436
1.64197
1.63247
1.63336
1.64459
1.65722
1.66797
1.67621
1.67336
1.64796
1.59386
1.5194
1.46054
1.46137
1.51973
1.58867
1.63198
1.64335
1.63006
1.60549
1.57986
1.55146
1.53078
1.53968
1.57334
1.60409
1.61871
1.623
1.62038
1.60316
1.57056
1.54761
1.55192
1.56487
1.57015
1.56925
1.56992
1.57875
1.59694
1.62012
1.64544
1.67191
1.69517
1.7095
1.70974
1.69138
1.65624
1.61516
1.58042
1.5564
1.54124
1.64995
1.6561
1.63291
1.56186
1.48555
1.46312
1.49465
1.53735
1.57471
1.61218
1.63462
1.62106
1.59967
1.61618
1.65249
1.66499
1.63681
1.57843
1.51664
1.48218
1.49047
1.53029
1.57477
1.59698
1.59417
1.593
1.60901
1.63244
1.65535
1.67674
1.68956
1.68489
1.67683
1.69612
1.73015
1.73468
1.70057
1.6493
1.60664
1.58624
1.59184
1.61841
1.65068
1.67772
1.70063
1.72144
1.73543
1.73404
1.71778
1.70386
1.65858
1.68148
1.69551
1.68358
1.64528
1.59936
1.57828
1.60048
1.64727
1.68574
1.69304
1.65807
1.58614
1.50688
1.45364
1.43685
1.45572
1.50514
1.56863
1.63423
1.69931
1.74932
1.76944
1.76143
1.7349
1.69926
1.66262
1.63011
1.60398
1.58455
1.57202
1.57344
1.5971
1.62939
1.64721
1.6486
1.6381
1.60466
1.54614
1.49284
1.47585
1.49649
1.5262
1.53397
1.52905
1.53377
1.54793
1.55725
1.55759
1.56447
1.67733
1.70817
1.72935
1.74253
1.74575
1.72907
1.69419
1.6615
1.64306
1.63206
1.62597
1.63083
1.6417
1.64174
1.62437
1.59546
1.56354
1.54609
1.56001
1.60123
1.64804
1.67667
1.67518
1.6535
1.63241
1.62553
1.63366
1.64776
1.65999
1.66703
1.66499
1.6549
1.6508
1.66309
1.68271
1.69514
1.68954
1.66439
1.63012
1.60073
1.59109
1.6066
1.63095
1.64858
1.65489
1.64741
1.63312
1.62791
1.6362
1.64296
