-6.35902
-6.33996
-6.30168
-6.23853
-6.14991
-6.03058
-5.88663
-5.7308
-5.59496
-5.50387
-5.46648
-5.47219
-5.50339
-5.53929
-5.56874
-5.58818
-5.59897
-5.60293
-5.60221
-5.5989
-5.58729
-5.56476
-5.53638
-5.50784
-5.48581
-5.47785
-5.4825
-5.49789
-5.51725
-5.53422
-5.54284
-5.54491
-5.5402
-5.53392
-5.53047
-5.53312
-5.54402
-5.55827
-5.57078
-5.57956
-5.58513
-5.58919
-5.59391
-5.59996
-5.6049
-5.6059
-5.60194
-5.59774
-5.59048
-5.58544
-5.57311
-5.53434
-5.47375
-5.40023
-5.32847
-5.2596
-5.19407
-5.13615
-5.10562
-5.10564
-5.11681
-5.11955
-5.11481
-5.11656
-5.13698
-5.17686
-5.22041
-5.25133
-5.25823
-5.24897
-5.23858
-5.23166
-5.23099
-5.23994
-5.2641
-5.29726
-5.32932
-5.35045
-5.35507
-5.34678
-5.32806
-5.3019
-5.26795
-5.23576
-5.21457
-5.2053
-5.20191
-5.19727
-5.18908
-5.18211
-5.18414
-5.21027
-5.25294
-5.29467
-5.32241
-5.33572
-5.33359
-5.31828
-5.29042
-5.25395
-5.19925
-5.13104
-5.06883
-5.0271
-5.01806
-5.03388
-5.0573
-5.08452
-5.11471
-5.14729
-5.16907
-5.16662
-5.12686
-5.05526
-4.98499
-4.95589
-4.97428
-5.02051
-5.07405
-5.11787
-5.14489
-5.15321
-5.14945
-5.14042
-5.13387
-5.1344
-5.14064
-5.14815
-5.15906
-5.16406
-5.15401
-5.12783
-5.09704
-5.08944
-5.12341
-5.17022
-5.19325
-5.18385
-5.15694
-5.12584
-5.10427
-5.11008
-5.13647
-5.15043
-5.14126
-5.12693
-5.13403
-5.14634
-5.14909
-5.14676
-5.13826
-5.12922
-5.13026
-5.14043
-5.15291
-5.16215
-5.17039
-5.1683
-5.14396
-5.08986
-5.01615
-4.95713
-4.95615
-5.01512
-5.08482
-5.12632
-5.13844
-5.12485
-5.10103
-5.07601
-5.04791
-5.02798
-5.03763
-5.0722
-5.1013
-5.11515
-5.11778
-5.11607
-5.0987
-5.06549
-5.04405
-5.04851
-5.06071
-5.06645
-5.06448
-5.0647
-5.07338
-5.09172
-5.11521
-5.14112
-5.16744
-5.19221
-5.2061
-5.20498
-5.18541
-5.14951
-5.10768
-5.07535
-5.05163
-5.03602
-5.03556
-5.04141
-5.01747
-4.94627
-4.86873
-4.84676
-4.8792
-4.92281
-4.95942
-4.99809
-5.02205
-5.00834
-4.98573
-5.00179
-5.0381
-5.05091
-5.02333
-4.96434
-4.90225
-4.86703
-4.87578
-4.91439
-4.95902
-4.98123
-4.97903
-4.9762
-4.9922
-5.01624
-5.0399
-5.06069
-5.07382
-5.06899
-5.06093
-5.08083
-5.11486
-5.1206
-5.08739
-5.03642
-4.99361
-4.97412
-4.98032
-5.00704
-5.03916
-5.0656
-5.08942
-5.11007
-5.12301
-5.12238
-5.10611
-5.09189
-5.09985
-5.12335
-5.13678
-5.12591
-5.08897
-5.0426
-5.02136
-5.04341
-5.08991
-5.12914
-5.13613
-5.10207
-5.02938
-4.94785
-4.89401
-4.87782
-4.89684
-4.94702
-5.01187
-5.07701
-5.1421
-5.19135
-5.21163
-5.20406
-5.17799
-5.14294
-5.10404
-5.07062
-5.04464
-5.02507
-5.01193
-5.01455
-5.03867
-5.07036
-5.08863
-5.08956
-5.07937
-5.04547
-4.98741
-4.93365
-4.91681
-4.93701
-4.96717
-4.9763
-4.97364
-4.97715
-4.99177
-5.00033
-5.00082
-5.0074
-5.03465
-5.06504
-5.08637
-5.10001
-5.10337
-5.0867
-5.05212
-5.01912
-5.00144
-4.98999
-4.98359
-4.98891
-4.99932
-4.99846
-4.9811
-4.95203
-4.91965
-4.90221
-4.91718
-4.9584
-5.00628
-5.03581
-5.03372
-5.01158
-4.99003
-4.9818
-4.98932
-5.00509
-5.01732
-5.02526
-5.02322
-5.01298
-5.00752
-5.01936
-5.03838
-5.05081
-5.04642
-5.02263
-4.98851
-4.95897
-4.94827
-4.96242
-4.98663
-5.00516
-5.01162
-5.00353
-4.98819
-4.98388
-4.99187
-4.99909
