3.01887
3.1761
3.14304
3.17361
3.20555
3.13913
3.07809
3.07795
3.10632
3.09199
3.08026
3.07048
3.06651
3.10144
3.08862
3.0774
3.07737
3.08781
3.07841
3.08135
3.10025
3.09156
3.09092
3.08792
3.07869
3.07424
3.06082
3.05175
3.04331
3.03884
3.0382
3.03585
3.04486
3.05334
3.0776
3.07442
3.07612
3.08475
3.09295
3.09254
3.09842
3.10401
3.10776
3.11289
3.11779
3.11442
3.11362
3.11542
3.11231
3.10721
3.10231
3.1007
3.10782
3.10837
3.11004
3.10841
3.1136
3.111
3.10347
3.09546
3.09615
3.09887
3.09586
3.09957
3.11343
3.10878
3.11319
3.1197
3.12279
3.11828
3.11461
3.11103
3.10977
3.11688
3.11715
3.11586
3.12487
3.13039
3.1368
3.1441
3.14186
3.14107
3.13535
3.13856
3.13649
3.13723
3.13948
3.14333
3.13901
3.13376
3.13072
3.13014
3.13558
3.13496
3.13258
3.13025
3.12743
3.13263
3.13148
3.13216
0
0.157233
0.0966106
0.0748405
0.0661903
0.0856313
0.0946747
0.0819908
0.0776777
0.0709407
0.0652314
0.0603448
0.0556509
0.062248
0.0593516
0.0566409
0.0532049
0.0512371
0.0493698
0.0469287
0.0484746
0.0470284
0.0449417
0.043133
0.0423891
0.0409686
0.0416441
0.0411402
0.0405834
0.0394618
0.038173
0.0370356
0.0370104
0.0368942
0.0432659
0.0421673
0.041047
0.0408748
0.040647
0.0396199
0.0390852
0.0385511
0.0378304
0.0373144
0.0368033
0.0361513
0.0353828
0.0346845
0.0341115
0.0338097
0.0335009
0.0328895
0.0330401
0.032427
0.0318756
0.0313435
0.0312231
0.0307898
0.0311864
0.0316909
0.0311746
0.0307887
0.0304455
0.0301949
0.0327959
0.0326272
0.0324377
0.0326125
0.0322852
0.0321388
0.0318957
0.0316522
0.0312411
0.0316271
0.0312037
0.0308175
0.0317208
0.0317946
0.0320363
0.032465
0.0321396
0.0317551
0.0318867
0.031667
0.0313603
0.0310023
0.0307267
0.0306185
0.0305796
0.03069
0.0305027
0.030175
0.030341
0.030023
0.0298003
0.02958
0.0294085
0.0295666
0.0292889
0.0290027
