                 1           0.27948           0.27948                 0
                 2          0.267781          0.273631        0.00584952
                 3          0.265627          0.270963        0.00430375
                 4          0.269643          0.270633        0.00306105
                 5          0.264598          0.269426         0.0026606
                 6          0.267152          0.269047        0.00220517
                 7          0.272037          0.269474        0.00191203
                 8          0.265765          0.269011        0.00171953
                 9          0.268226          0.268923        0.00151899
                10            0.2801          0.270041         0.0017593
                11          0.269771          0.270017        0.00159153
                12          0.269915          0.270008        0.00145289
                13          0.269315          0.269955        0.00133753
                14          0.262855          0.269448        0.00133811
                15          0.265047          0.269154         0.0012798
                16          0.272879          0.269387        0.00121956
                17          0.269961          0.269421        0.00114607
                18          0.278737          0.269938         0.0011981
                19          0.263916          0.269621        0.00117678
                20          0.278201           0.27005        0.00119598
                21          0.276868          0.270375        0.00118302
                22          0.274362          0.270556        0.00114243
                23          0.270947          0.270573        0.00109176
                24          0.265203          0.270349        0.00106897
                25           0.27253          0.270437        0.00102902
                26          0.272104          0.270501       0.000990726
                27          0.264676          0.270285       0.000977431
                28          0.263819          0.270054       0.000969774
                29          0.273624          0.270177       0.000943798
                30          0.270973          0.270204       0.000912181
                31          0.266241          0.270076       0.000891478
                32          0.264309          0.269896       0.000881782
                33           0.26662          0.269796       0.000860387
                34          0.275855          0.269975       0.000853504
                35          0.271111          0.270007       0.000829396
                36          0.264678          0.269859       0.000819511
                37          0.269139           0.26984       0.000797292
                38          0.266544          0.269753       0.000780857
                39          0.268032          0.269709        0.00076185
                40          0.282184          0.270021       0.000805399
                41          0.264329          0.269882        0.00079768
                42          0.277427          0.270061       0.000798915
                43          0.270785          0.270078       0.000780296
                44          0.278591          0.270272       0.000786523
                45          0.269919          0.270264       0.000768886
                46          0.274686           0.27036       0.000758103
                47          0.271387          0.270382        0.00074212
                48           0.27596          0.270498        0.00073573
                49           0.27193          0.270527       0.000721151
                50          0.275486          0.270627       0.000713505
