                 1          0.092564          0.092564                 0
                 2          0.093212          0.092888          0.000324
                 3          0.080096          0.088624         0.0042681
                 4           0.09828          0.091038        0.00386468
                 5          0.088252         0.0904808        0.00304498
                 6          0.061768         0.0856953        0.00539277
                 7          0.101824         0.0879994        0.00510702
                 8            0.0751          0.086387        0.00470757
                 9            0.1082         0.0888107        0.00480735
                10          0.061684          0.086098          0.005084
                11          0.088636         0.0863287        0.00460444
                12            0.0727          0.085193        0.00435399
                13          0.078856         0.0847055        0.00403465
                14           0.05566         0.0826309        0.00427284
                15           0.10344         0.0840181        0.00421277
                16          0.101524         0.0851122        0.00408975
                17          0.103824         0.0862129        0.00399623
                18            0.0827         0.0860178        0.00377273
                19          0.084012         0.0859122        0.00357021
                20          0.073564         0.0852948        0.00344281
                21          0.054496         0.0838282        0.00358818
                22          0.071756         0.0832795        0.00346492
                23          0.117352         0.0847609        0.00362716
                24          0.078472         0.0844988        0.00348262
                25          0.057932         0.0834362        0.00350537
                26          0.100344         0.0840865        0.00343006
                27          0.099348         0.0846517        0.00334862
                28          0.113364         0.0856771        0.00338583
                29          0.116608         0.0867437        0.00343669
                30           0.06626         0.0860609        0.00338964
                31           0.04892         0.0848628        0.00349053
                32          0.093676         0.0851382         0.0033909
                33          0.092548         0.0853628         0.0032942
                34           0.10662          0.085988        0.00325642
                35          0.091748         0.0861526        0.00316629
                36          0.081808         0.0860319        0.00307945
                37          0.078144         0.0858187        0.00300264
                38          0.090964         0.0859541        0.00292569
                39           0.05876         0.0852568        0.00293376
                40           0.08522         0.0852559        0.00285947
                41            0.0785         0.0850911        0.00279372
                42          0.091648         0.0852472        0.00273086
                43          0.070716         0.0849093        0.00268792
                44          0.091592         0.0850612        0.00263051
                45          0.054888         0.0843907        0.00265737
                46          0.096912         0.0846629        0.00261318
                47           0.07624         0.0844837        0.00256325
                48          0.094016         0.0846823        0.00251712
                49          0.133504         0.0856786        0.00265896
                50          0.101504         0.0859951        0.00262439
