                 1         -0.939104         -0.939104                 0
                 2         -0.938728         -0.938916          0.000188
                 3         -0.937512         -0.938448       0.000480422
                 4          -0.93744         -0.938196       0.000422974
                 5         -0.926144         -0.935786        0.00243256
                 6         -0.932192         -0.935187        0.00207452
                 7          -0.93452         -0.935091        0.00175587
                 8         -0.933976         -0.934952        0.00152701
                 9         -0.944488         -0.936012        0.00171355
                10         -0.936144         -0.936025         0.0015327
                11         -0.934456         -0.935882         0.0013937
                12         -0.935312         -0.935835        0.00127315
                13         -0.931904         -0.935532        0.00120953
                14         -0.939728         -0.935832        0.00115922
                15         -0.936136         -0.935852        0.00107936
                16         -0.937296         -0.935942        0.00101368
                17         -0.926448         -0.935384        0.00110389
                18         -0.936424         -0.935442        0.00104236
                19         -0.937304          -0.93554       0.000990834
                20         -0.941648         -0.935845       0.000988359
                21          -0.93872         -0.935982       0.000950031
                22         -0.928208         -0.935629       0.000972305
                23         -0.941464         -0.935882       0.000963088
                24         -0.936856         -0.935923       0.000922978
                25         -0.935504         -0.935906       0.000885448
                26         -0.930608         -0.935702       0.000874777
                27         -0.933088         -0.935606       0.000847306
                28         -0.931104         -0.935445       0.000832163
                29         -0.929296         -0.935233       0.000830478
                30         -0.934064         -0.935194       0.000803263
                31         -0.934984         -0.935187       0.000776949
                32         -0.930952         -0.935055       0.000763831
                33         -0.931528         -0.934948       0.000747997
                34         -0.936864         -0.935004       0.000727848
                35         -0.946536         -0.935334       0.000779774
                36         -0.928688         -0.935149       0.000779965
                37         -0.931944         -0.935062       0.000763522
                38         -0.940656          -0.93521       0.000757595
                39         -0.935856         -0.935226         0.0007381
                40         -0.940736         -0.935364       0.000732479
                41          -0.93864         -0.935444       0.000718845
                42          -0.93432         -0.935417       0.000702031
                43          -0.93432         -0.935392       0.000685985
                44         -0.949168         -0.935705       0.000739741
                45           -0.9378         -0.935751       0.000724613
                46         -0.922432         -0.935462       0.000765555
                47          -0.92204         -0.935176       0.000801676
                48         -0.934568         -0.935164       0.000784899
                49         -0.937584         -0.935213       0.000770299
                50         -0.943968         -0.935388       0.000774782
