                 1          0.833292          0.833292                 0
                 2           0.76796          0.800626          0.032666
                 3          0.791464          0.797572         0.0191054
                 4          0.712124           0.77621         0.0252753
                 5          0.866868          0.794342         0.0266845
                 6          0.469936          0.740274         0.0582925
                 7          0.648548           0.72717          0.050979
                 8          0.649868          0.717507         0.0451942
                 9          0.820504          0.728952         0.0414679
                10          0.778344          0.733891         0.0374175
                11          0.688252          0.729742         0.0340987
                12            0.6709          0.724838         0.0315116
                13          0.854064          0.734779         0.0306435
                14          0.634892          0.727644         0.0292538
                15          0.598688          0.719047         0.0285585
                16          0.729204          0.719682         0.0267216
                17           0.81828          0.725482         0.0257619
                18          0.661324          0.721917         0.0245487
                19           0.75646          0.723735         0.0232918
                20          0.742444          0.724671         0.0221164
                21          0.708732          0.723912         0.0210505
                22           0.69112          0.722421         0.0201262
                23            0.8299          0.727094         0.0197908
                24          0.606968          0.722089         0.0195982
                25          0.720304          0.722018         0.0187981
                26          0.671328          0.720068         0.0181655
                27           0.75836          0.721486         0.0175372
                28          0.788664          0.723885         0.0170688
                29          0.764844          0.725298         0.0165301
                30          0.759672          0.726444         0.0160107
                31          0.423172          0.716661         0.0183169
                32          0.646352          0.714463         0.0178709
                33          0.758124          0.715787         0.0173713
                34          0.790964          0.717998         0.0169971
                35          0.837332          0.721407         0.0168528
                36           0.71214           0.72115           0.01638
                37          0.642904          0.719035         0.0160709
                38          0.643996           0.71706         0.0157664
                39          0.705084          0.716753         0.0153599
                40           0.58392          0.713432         0.0153349
                41          0.619928          0.711152          0.015129
                42            0.8189          0.713717         0.0149857
                43          0.636924          0.711931         0.0147416
                44          0.725704          0.712244         0.0144061
                45          0.814836          0.714524         0.0142656
                46           0.67662            0.7137         0.0139764
                47          0.668124           0.71273         0.0137101
                48          0.614212          0.710678         0.0135775
                49          0.837504          0.713266          0.013547
                50            0.7868          0.714737         0.0133546
