                 1          -0.89004          -0.89004                 0
                 2         -0.892672         -0.891356          0.001316
                 3         -0.885216         -0.889309        0.00218315
                 4          -0.88956         -0.889372        0.00154499
                 5         -0.884296         -0.888357        0.00156934
                 6         -0.903888         -0.890945        0.00288832
                 7         -0.901472         -0.892449        0.00286711
                 8         -0.896312         -0.892932         0.0025295
                 9         -0.890744         -0.892689        0.00224402
                10         -0.894008         -0.892821        0.00201144
                11         -0.893728         -0.892903        0.00182128
                12         -0.890864         -0.892733        0.00167126
                13         -0.893672         -0.892806        0.00153903
                14          -0.89044         -0.892637        0.00143485
                15         -0.884264         -0.892078         0.0014477
                16         -0.890336         -0.891969        0.00135857
                17         -0.895912         -0.892201        0.00129706
                18         -0.894168         -0.892311        0.00122775
                19         -0.899128         -0.892669         0.0012155
                20         -0.891992         -0.892636        0.00115362
                21         -0.890984         -0.892557        0.00110013
                22         -0.892688         -0.892563        0.00104895
                23         -0.894808         -0.892661        0.00100705
                24          -0.89952         -0.892946        0.00100564
                25         -0.893272         -0.892959       0.000964667
                26         -0.895608         -0.893061       0.000932404
                27         -0.893544         -0.893079       0.000897384
                28         -0.889456          -0.89295       0.000874369
                29         -0.891264         -0.892892        0.00084568
                30         -0.891192         -0.892835       0.000818966
                31         -0.890472         -0.892759       0.000795766
                32         -0.892104         -0.892738       0.000770769
                33         -0.888696         -0.892616       0.000757023
                34         -0.890928         -0.892566       0.000736096
                35         -0.896008         -0.892664       0.000721489
                36         -0.896816          -0.89278       0.000710581
                37         -0.892768         -0.892779       0.000691109
                38         -0.891872         -0.892756         0.0006731
                39         -0.889424          -0.89267       0.000661156
                40         -0.893696         -0.892696       0.000644925
                41         -0.890584         -0.892644       0.000631104
                42         -0.891952         -0.892628       0.000616115
                43          -0.89192         -0.892611       0.000601842
                44         -0.889256         -0.892535       0.000592929
                45         -0.894528         -0.892579       0.000581292
                46         -0.896456         -0.892664       0.000574727
                47         -0.891696         -0.892643       0.000562743
                48         -0.892952         -0.892649       0.000550932
                49          -0.89132         -0.892622       0.000540253
                50          -0.88992         -0.892568        0.00053209
