                 1           0.06242           0.06242                 0
                 2          0.044344          0.053382          0.009038
                 3           0.04332          0.050028        0.00620305
                 4          0.047828          0.049478        0.00442057
                 5          0.045064         0.0485952        0.00353612
                 6          0.048712         0.0486147         0.0028873
                 7          0.043992         0.0479543        0.00252799
                 8            0.0453         0.0476225         0.0022143
                 9          0.048044         0.0476693        0.00195339
                10            0.0238         0.0452824        0.00295805
                11          0.031216         0.0440036        0.00296553
                12           0.03324         0.0431067        0.00285188
                13          0.026464         0.0418265        0.00291905
                14          0.027152         0.0407783        0.00289867
                15          0.059684         0.0420387        0.00297834
                16          0.047272         0.0423657        0.00280512
                17          0.056128         0.0431753        0.00275651
                18          0.042668         0.0431471        0.00259901
                19          0.047208         0.0433608        0.00246769
                20          0.041224          0.043254        0.00234349
                21          0.021544         0.0422202        0.00245717
                22          0.024508         0.0414151         0.0024773
                23          0.063464         0.0423737        0.00255389
                24          0.050456         0.0427105        0.00246824
                25          0.029716         0.0421907        0.00242384
                26          0.036624         0.0419766        0.00233858
                27          0.045816         0.0421188        0.00225478
                28          0.039212          0.042015        0.00217524
                29          0.052844         0.0423884        0.00213185
                30          0.036228         0.0421831        0.00206978
                31          0.017916         0.0414003        0.00214951
                32          0.030996         0.0410751        0.00210649
                33          0.053824         0.0414615        0.00207789
                34          0.051552         0.0417582        0.00203758
                35          0.037464         0.0416355        0.00198231
                36          0.040384         0.0416008        0.00192677
                37          0.047608         0.0417631        0.00188099
                38          0.029032         0.0414281        0.00186123
                39          0.037448         0.0413261        0.00181575
                40          0.050808         0.0415631        0.00178557
                41            0.0435         0.0416103        0.00174212
                42          0.048988          0.041786        0.00170919
                43          0.030112         0.0415145         0.0016909
                44          0.038712         0.0414508        0.00165325
                45          0.037304         0.0413587        0.00161872
                46          0.045888         0.0414571         0.0015862
                47          0.034932         0.0413183        0.00155828
                48          0.046544         0.0414272        0.00152935
                49          0.058576         0.0417771        0.00153816
                50          0.053376         0.0420091        0.00152483
