                 1          0.433123          0.433123                 0
                 2          0.447048          0.440085        0.00696251
                 3          0.442203          0.440791        0.00408132
                 4          0.422545           0.43623        0.00539789
                 5          0.434872          0.435958        0.00418999
                 6          0.441046          0.436806        0.00352464
                 7          0.432532          0.436195        0.00304078
                 8          0.422086          0.434432        0.00316945
                 9          0.417225           0.43252        0.00338651
                10           0.41641          0.430909        0.00343075
                11          0.449467          0.432596        0.00353219
                12          0.438557          0.433093        0.00326247
                13          0.430467          0.432891        0.00300783
                14          0.432828          0.432886        0.00278471
                15          0.451277          0.434112        0.00286771
                16          0.429028          0.433795        0.00270126
                17           0.42982          0.433561        0.00254814
                18          0.422743           0.43296        0.00247643
                19          0.440308          0.433347        0.00237418
                20          0.437596          0.433559        0.00226235
                21          0.449612          0.434323        0.00228366
                22          0.415452          0.433466        0.00234027
                23          0.451293          0.434241        0.00236673
                24           0.43911          0.434444        0.00227503
                25          0.442274          0.434757         0.0022045
                26          0.419668          0.434176        0.00219608
                27          0.426423          0.433889         0.0021326
                28          0.419718          0.433383        0.00211643
                29          0.424161          0.433065        0.00206676
                30          0.428317          0.432907        0.00200294
                31          0.410285          0.432177        0.00207013
                32          0.441612          0.432472        0.00202597
                33          0.423374          0.432196        0.00198287
                34          0.442377          0.432496        0.00194684
                35          0.436681          0.432615        0.00189417
                36          0.431261          0.432578        0.00184119
                37          0.442508          0.432846        0.00181074
                38          0.455088          0.433431        0.00185709
                39           0.43867          0.433566        0.00181382
                40          0.441195          0.433756        0.00177816
                41          0.434148          0.433766        0.00173427
                42          0.427485          0.433617        0.00169907
                43          0.446437          0.433915        0.00168566
                44          0.427079          0.433759        0.00165422
                45          0.436873          0.433828        0.00161852
                46           0.44543          0.434081        0.00160291
                47          0.402776          0.433415        0.00170399
                48          0.425212          0.433244        0.00167685
                49          0.413821          0.432847        0.00168943
                50          0.450011          0.433191        0.00169051
