                 1          0.300428          0.300428                 0
                 2          0.251501          0.275964         0.0244635
                 3          0.254633          0.268854         0.0158127
                 4          0.274788          0.270337         0.0112793
                 5          0.387004          0.293671         0.0249154
                 6          0.340731          0.301514          0.021803
                 7          0.289516            0.2998         0.0185064
                 8           0.33985          0.304806         0.0167907
                 9          0.370903           0.31215         0.0165291
                10          0.366851           0.31762         0.0157636
                11          0.321792             0.318         0.0142638
                12          0.312299          0.317525         0.0130296
                13          0.316114          0.317416          0.011986
                14          0.356439          0.320203         0.0114416
                15          0.286005          0.317923         0.0108928
                16          0.387053          0.322244         0.0110675
                17          0.288901          0.320283         0.0105795
                18          0.298247          0.319059         0.0100493
                19          0.368412          0.321656         0.0098542
                20           0.39468          0.325307         0.0100362
                21          0.336686          0.325849        0.00956172
                22          0.354271          0.327141        0.00920783
                23          0.320201          0.326839        0.00880356
                24          0.358021          0.328139        0.00852831
                25          0.332578          0.328316        0.00818199
                26           0.38592          0.330532        0.00816725
                27          0.328244          0.330447         0.0078594
                28          0.315834          0.329925        0.00759147
                29          0.291327          0.328594        0.00744496
                30          0.369754          0.329966         0.0073222
                31          0.351884          0.330673        0.00711727
                32          0.382698          0.332299        0.00708044
                33          0.350432          0.332848         0.0068845
                34           0.29918          0.331858        0.00675195
                35          0.332411          0.331874        0.00655622
                36          0.335903          0.331986        0.00637248
                37          0.287436          0.330782        0.00631373
                38          0.324825          0.330625        0.00614733
                39          0.256874          0.328734        0.00627916
                40          0.361144          0.329544        0.00617357
                41            0.3217          0.329353        0.00602415
                42          0.346719          0.329766        0.00589349
                43          0.319276          0.329522        0.00575997
                44          0.320053          0.329307        0.00563165
                45          0.265097           0.32788          0.005687
                46          0.364116          0.328668         0.0056175
                47          0.334159          0.328785        0.00549792
                48            0.3708           0.32966        0.00545287
                49          0.332857          0.329725        0.00534083
                50           0.33911          0.329913        0.00523629
