                 1          0.226551          0.226551                 0
                 2          0.232649            0.2296        0.00304929
                 3          0.227817          0.229006        0.00185818
                 4          0.227389          0.228601        0.00137468
                 5          0.221591          0.227199        0.00176058
                 6          0.229522          0.227586        0.00148871
                 7          0.226724          0.227463        0.00126421
                 8          0.226939          0.227398        0.00109679
                 9          0.227939          0.227458        0.00096915
                10           0.23097          0.227809       0.000935289
                11          0.235589          0.228516        0.00110269
                12          0.226755           0.22837        0.00101726
                13          0.235755          0.228938        0.00109469
                14          0.228784          0.228927        0.00101354
                15          0.224141          0.228608       0.000996037
                16          0.226374          0.228468       0.000942112
                17          0.232347          0.228696       0.000913897
                18          0.226862          0.228594       0.000867636
                19          0.235255          0.228945       0.000892448
                20          0.231334          0.229064       0.000855033
                21          0.231311          0.229171       0.000820305
                22          0.231693          0.229286       0.000790484
                23          0.229119          0.229279       0.000755368
                24          0.224101          0.229063         0.0007547
                25          0.225482           0.22892       0.000737916
                26          0.223673          0.228718       0.000737124
                27          0.230333          0.228778       0.000711816
                28          0.233882           0.22896       0.000709731
                29          0.232561          0.229084        0.00069599
                30           0.23261          0.229202       0.000682583
                31          0.222102          0.228973       0.000698792
                32           0.23126          0.229044       0.000680367
                33          0.234287          0.229203       0.000678294
                34          0.229285          0.229205       0.000658046
                35          0.229869          0.229224       0.000639249
                36          0.232574          0.229317       0.000628167
                37          0.231235          0.229369       0.000613149
                38           0.22913          0.229363       0.000596828
                39          0.229358          0.229363       0.000581324
                40          0.234962          0.229503       0.000583641
                41          0.228685          0.229483       0.000569577
                42          0.227605          0.229438       0.000557646
                43          0.230168          0.229455       0.000544787
                44          0.232213          0.229518       0.000535941
                45          0.225383          0.229426       0.000531894
                46          0.226094          0.229354        0.00052522
                47          0.235806          0.229491       0.000531947
                48          0.235006          0.229606       0.000533274
                49          0.230985          0.229634       0.000523035
                50          0.231198          0.229665       0.000513421
