                 1           1.30862           1.30862                 0
                 2           1.40945           1.35903          0.050416
                 3           1.34942           1.35583         0.0292835
                 4           1.39415           1.36541         0.0228157
                 5           1.35614           1.36355           0.01777
                 6           1.39082            1.3681          0.015204
                 7            1.3306           1.36274         0.0139216
                 8           1.34964            1.3611         0.0121672
                 9           1.36932           1.36202         0.0107693
                10           1.40402           1.36622         0.0105082
                11           1.37582           1.36709        0.00954501
                12           1.28121           1.35993         0.0112757
                13           1.35602           1.35963         0.0103765
                14           1.42714           1.36445         0.0107491
                15           1.36726           1.36464         0.0100086
                16           1.32551            1.3622        0.00967636
                17           1.34461           1.36116        0.00914805
                18           1.32775            1.3593         0.0088223
                19           1.34436           1.35852        0.00838205
                20            1.3432           1.35775        0.00798871
                21           1.36138           1.35792        0.00760075
                22           1.43619           1.36148        0.00807308
                23           1.31347           1.35939        0.00799153
                24           1.36951           1.35982        0.00766291
                25           1.37332           1.36036        0.00736981
                26           1.29851           1.35798        0.00746954
                27           1.37413           1.35858        0.00721241
                28           1.35104           1.35831        0.00695527
                29           1.34514           1.35785        0.00672648
                30            1.3248           1.35675        0.00659111
                31           1.40126           1.35819        0.00653463
                32           1.32306           1.35709        0.00642163
                33           1.34128           1.35661         0.0062424
                34           1.36863           1.35696        0.00606633
                35           1.36624           1.35723        0.00589642
                36           1.35864           1.35727        0.00573042
                37           1.39561            1.3583         0.0056689
                38           1.38943           1.35912        0.00557818
                39            1.4085           1.36039        0.00557883
                40           1.36293           1.36045        0.00543794
                41           1.33508           1.35983        0.00533963
                42           1.38044           1.36032        0.00523398
                43           1.33968           1.35984        0.00513332
                44           1.40766           1.36093         0.0051317
                45           1.39214           1.36162        0.00506407
                46            1.3691           1.36179        0.00495542
                47           1.28721            1.3602        0.00510188
                48            1.3315            1.3596        0.00503012
                49           1.36829           1.35978        0.00492959
                50           1.36426           1.35987        0.00483082
