                 1          0.390868          0.390868                 0
                 2          0.434626          0.412747         0.0218789
                 3          0.472811          0.432768         0.0236731
                 4           0.41124          0.427386         0.0175834
                 5          0.393186          0.420546         0.0152411
                 6          0.422531          0.420877         0.0124487
                 7           0.42491          0.421453         0.0105369
                 8          0.442959          0.424141        0.00951293
                 9          0.438433          0.425729        0.00853856
                10          0.402939           0.42345        0.00796993
                11          0.402413          0.421538        0.00745843
                12          0.460302          0.424768        0.00753606
                13          0.414604          0.423986        0.00697612
                14          0.459043           0.42649        0.00692707
                15          0.447735          0.427907        0.00660244
                16          0.414426          0.427064        0.00623323
                17          0.405396          0.425789        0.00599222
                18          0.453439          0.427326        0.00585462
                19          0.442868          0.428144        0.00559801
                20          0.440552          0.428764        0.00534686
                21          0.419681          0.428332        0.00510424
                22          0.419565          0.427933        0.00488299
                23          0.405666          0.426965        0.00476524
                24          0.376628          0.424868        0.00502136
                25          0.390607          0.423497         0.0050075
                26          0.442931          0.424245        0.00486877
                27          0.407225          0.423614        0.00472719
                28          0.469789          0.425263        0.00484455
                29          0.435689          0.425623        0.00468832
                30          0.403968          0.424901         0.0045865
                31          0.446246           0.42559         0.0044892
                32          0.371012          0.423884        0.00466929
                33          0.384172          0.422681        0.00468285
                34            0.3972          0.421931        0.00460443
                35           0.45932          0.422999        0.00459679
                36          0.392048           0.42214        0.00454926
                37          0.446779          0.422806        0.00447443
                38          0.432399          0.423058         0.0043624
                39              0.45          0.423749        0.00430486
                40          0.448295          0.424362        0.00424049
                41          0.416458           0.42417        0.00414027
                42           0.41716          0.424003        0.00404393
                43          0.410016          0.423678        0.00396214
                44          0.450447          0.424286        0.00391856
                45          0.392189          0.423573        0.00389634
                46          0.434456          0.423809        0.00381803
                47           0.38143          0.422908        0.00384319
                48          0.434225          0.423143        0.00376965
                49          0.405795          0.422789        0.00370885
                50          0.467618          0.423686        0.00374289
