                 1          0.374104          0.374104                 0
                 2          0.365441          0.369773        0.00433172
                 3          0.367691          0.369079        0.00259538
                 4          0.374651          0.370472        0.00230397
                 5          0.356866          0.367751        0.00325409
                 6          0.378776          0.369588        0.00323051
                 7           0.37306          0.370084        0.00277494
                 8          0.377755          0.371043         0.0025874
                 9          0.367927          0.370697          0.002308
                10          0.373359          0.370963        0.00208143
                11          0.375604          0.371385        0.00192942
                12          0.382877          0.372343        0.00200485
                13          0.361076          0.371476        0.00203768
                14          0.381275          0.372176        0.00201219
                15          0.386375          0.373123        0.00209884
                16          0.376266          0.373319        0.00197309
                17          0.365479          0.372858        0.00190992
                18          0.364113          0.372372        0.00186507
                19          0.363193          0.371889        0.00182914
                20          0.370968          0.371843        0.00173588
                21          0.368823          0.371699         0.0016574
                22          0.384723          0.372291        0.00168752
                23          0.364253          0.371942        0.00164992
                24          0.359905           0.37144        0.00165738
                25          0.368173          0.371309        0.00159507
                26          0.373198          0.371382        0.00153421
                27          0.362914          0.371068        0.00150924
                28          0.351135          0.370356        0.00161923
                29          0.382973          0.370792        0.00162183
                30          0.357855           0.37036        0.00162509
                31          0.372093          0.370416        0.00157279
                32          0.378009          0.370653        0.00154122
                33          0.372598          0.370712        0.00149495
                34          0.368288          0.370641        0.00145207
                35          0.365433          0.370492         0.0014178
                36           0.37199          0.370534        0.00137848
                37          0.368131          0.370469        0.00134228
                38          0.363592          0.370288        0.00131895
                39           0.36136          0.370059        0.00130493
                40          0.363474          0.369894        0.00128249
                41          0.386655          0.370303        0.00131593
                42           0.36521          0.370182        0.00128993
                43          0.368026          0.370132        0.00126057
                44          0.363983          0.369992        0.00123949
                45          0.384804          0.370321        0.00125555
                46          0.373289          0.370386        0.00122964
                47          0.366468          0.370302        0.00120608
                48          0.380014          0.370505         0.0011979
                49          0.364259          0.370377         0.0011801
                50          0.371825          0.370406        0.00115662
