                 1           0.31855           0.31855                 0
                 2          0.312689           0.31562        0.00293092
                 3            0.3146           0.31528        0.00172594
                 4          0.327024          0.318216        0.00317962
                 5          0.315204          0.317613        0.00253553
                 6          0.306299          0.315728        0.00280037
                 7          0.314431          0.315542        0.00237398
                 8          0.312977          0.315222        0.00208079
                 9          0.315158          0.315215         0.0018351
                10          0.324615          0.316155        0.00189151
                11          0.314306          0.315987        0.00171917
                12          0.316174          0.316002        0.00156945
                13          0.325939          0.316767        0.00163354
                14          0.323804          0.317269        0.00159372
                15          0.316648          0.317228        0.00148425
                16          0.318526          0.317309        0.00139076
                17          0.322031          0.317587        0.00133559
                18          0.324253          0.317957        0.00131254
                19          0.315746          0.317841        0.00124698
                20          0.321015          0.317999        0.00119359
                21           0.31906           0.31805        0.00113645
                22           0.32335          0.318291        0.00111002
                23          0.316063          0.318194        0.00106508
                24           0.31345          0.317996        0.00103871
                25          0.322468          0.318175        0.00101223
                26          0.310927          0.317896        0.00101169
                27          0.323537          0.318105       0.000995665
                28          0.310133          0.317821        0.00100081
                29          0.317489          0.317809       0.000965748
                30          0.322439          0.317963       0.000945677
                31          0.312123          0.317775       0.000933862
                32          0.317142          0.317755       0.000904424
                33          0.307434          0.317443       0.000930714
                34          0.323479           0.31762       0.000920215
                35          0.317254           0.31761       0.000893598
                36           0.32246          0.317744       0.000878811
                37          0.311851          0.317585       0.000869442
                38          0.318364          0.317606       0.000846501
                39          0.314801          0.317534       0.000827639
                40          0.319109          0.317573       0.000807644
                41          0.322294          0.317688       0.000796071
                42          0.325699          0.317879       0.000799959
                43           0.32341          0.318008       0.000791653
                44          0.319914          0.318051       0.000774664
                45          0.317661          0.318042       0.000757303
                46          0.318984          0.318063        0.00074094
                47          0.319215          0.318087       0.000725418
                48          0.324694          0.318225       0.000723362
                49          0.321453          0.318291       0.000711502
                50          0.322919          0.318383       0.000703245
