                 1          0.391622          0.391622                 0
                 2          0.465686          0.428654         0.0370323
                 3          0.459718          0.439009          0.023756
                 4           0.40469          0.430429         0.0188623
                 5          0.440979          0.432539         0.0147623
                 6          0.348955          0.418608         0.0184214
                 7          0.396762          0.415488         0.0158786
                 8          0.396249          0.413083           0.01396
                 9          0.385602          0.410029         0.0126845
                10          0.408779          0.409904         0.0113461
                11          0.412309          0.410123         0.0102652
                12          0.405659          0.409751        0.00937822
                13          0.448585          0.412738        0.00912928
                14          0.447812          0.415243        0.00881555
                15          0.457437          0.418056        0.00867552
                16          0.473651          0.421531        0.00882779
                17          0.379114          0.419036        0.00865952
                18          0.436757           0.42002        0.00822342
                19          0.397079          0.418813        0.00787173
                20          0.413667          0.418556        0.00747221
                21           0.38795          0.417098        0.00725537
                22          0.401132          0.416373        0.00695569
                23          0.379658          0.414776         0.0068354
                24          0.443472          0.415972        0.00665272
                25          0.394348          0.415107        0.00643942
                26          0.394149          0.414301        0.00623909
                27           0.36092          0.412324        0.00632073
                28          0.420564          0.412618        0.00609791
                29          0.410398          0.412542        0.00588438
                30          0.429062          0.413092        0.00571146
                31          0.417794          0.413244        0.00552623
                32          0.409385          0.413123        0.00535211
                33          0.413631          0.413139        0.00518741
                34          0.437834          0.413865        0.00508467
                35          0.418733          0.414004        0.00493922
                36          0.433961          0.414559        0.00483196
                37           0.46312          0.415871        0.00487938
                38          0.369185          0.414642        0.00490558
                39          0.416282          0.414684        0.00477833
                40          0.394325          0.414175        0.00468507
                41          0.391388           0.41362        0.00460305
                42          0.454719          0.414598        0.00459746
                43          0.436408          0.415105        0.00451783
                44          0.396148          0.414675        0.00443494
                45          0.378661          0.413874        0.00440851
                46          0.354912          0.412592        0.00449811
                47          0.365555          0.411592        0.00451371
                48          0.537369          0.414212        0.00513721
                49          0.425678          0.414446        0.00503672
                50          0.444124           0.41504        0.00497052
