                 1           2.91267           2.91267                 0
                 2           2.90309           2.90788        0.00478857
                 3           2.87277           2.89618         0.0120268
                 4           2.96575           2.91357         0.0193611
                 5            3.0689           2.94463         0.0344962
                 6           2.95407           2.94621           0.02821
                 7            2.9516           2.94698         0.0238542
                 8           2.94698           2.94698         0.0206583
                 9            2.8153           2.93235         0.0233663
                10           2.85739           2.92485         0.0222029
                11           3.13455           2.94392         0.0276905
                12           2.85962           2.93689         0.0262359
                13            3.0719           2.94728         0.0262731
                14           2.91027           2.94463         0.0244673
                15           2.92633           2.94341         0.0228105
                16           3.04552           2.94979         0.0222712
                17           3.22667           2.96608         0.0265124
                18            2.9775           2.96672         0.0250042
                19           2.99118             2.968         0.0236866
                20           3.07346           2.97328         0.0230815
                21           2.95584           2.97245         0.0219706
                22           2.98338           2.97294          0.020954
                23            2.9107           2.97024         0.0202043
                24           3.02172           2.97238         0.0194628
                25            2.9893           2.97306         0.0186803
                26           3.09056           2.97758         0.0185077
                27           2.97286            2.9774         0.0178099
                28           2.85166           2.97291         0.0177399
                29           2.95361           2.97225         0.0171302
                30           3.03246           2.97425         0.0166706
                31           2.84554            2.9701         0.0166499
                32           3.06431           2.97305         0.0163878
                33           2.93898           2.97201          0.015917
                34           2.98296           2.97234         0.0154451
                35             2.931           2.97115         0.0150437
                36           2.96555             2.971         0.0146207
                37           3.12731           2.97522         0.0148344
                38           3.05791            2.9774         0.0146018
                39           2.97121           2.97724         0.0142233
                40           2.89382           2.97516         0.0140192
                41           3.05095             2.977         0.0137974
                42           3.04289           2.97857         0.0135559
                43           2.90096           2.97677         0.0133594
                44           2.96913           2.97659         0.0130534
                45           2.89866           2.97486          0.012877
                46           2.88871           2.97299         0.0127325
                47           2.95961            2.9727         0.0124619
                48           2.99198           2.97311         0.0122061
                49           2.79876           2.96955         0.0124727
                50           3.04767           2.97111         0.0123201
