                 1         -0.461064         -0.461064                 0
                 2          -0.46408         -0.462572          0.001508
                 3         -0.463512         -0.462885        0.00092531
                 4          -0.46196         -0.462654       0.000693985
                 5         -0.462984          -0.46272       0.000541595
                 6         -0.465104         -0.463117       0.000594494
                 7          -0.46244         -0.463021       0.000511672
                 8         -0.461152         -0.462787       0.000500911
                 9         -0.460416         -0.462524       0.000514351
                10         -0.463432         -0.462614       0.000468933
                11          -0.46032         -0.462406       0.000472676
                12          -0.46404         -0.462542       0.000452472
                13         -0.463928         -0.462649       0.000429652
                14         -0.464152         -0.462756        0.00041202
                15         -0.458704         -0.462486       0.000469146
                16         -0.462944         -0.462515       0.000439779
                17         -0.463232         -0.462557       0.000415251
                18         -0.460944         -0.462467       0.000401623
                19         -0.459568         -0.462315       0.000409395
                20          -0.46292         -0.462345       0.000389564
                21         -0.460424         -0.462253       0.000381672
                22         -0.461024         -0.462197       0.000368175
                23          -0.46144         -0.462165       0.000353341
                24         -0.459136         -0.462038       0.000361067
                25         -0.464128         -0.462122       0.000356268
                26         -0.462304         -0.462129       0.000342362
                27         -0.464712         -0.462225       0.000343049
                28          -0.46116         -0.462187       0.000332749
                29         -0.459752         -0.462103       0.000331864
                30         -0.460424         -0.462047       0.000325457
                31         -0.464832         -0.462137       0.000327355
                32          -0.46288          -0.46216       0.000317811
                33         -0.462904         -0.462182       0.000308854
                34           -0.4614         -0.462159       0.000300515
                35         -0.462792         -0.462177       0.000292362
                36         -0.460472          -0.46213       0.000288047
                37         -0.461384          -0.46211       0.000280878
                38           -0.4638         -0.462154       0.000276981
                39         -0.461384         -0.462135       0.000270508
                40         -0.462024         -0.462132       0.000263673
                41         -0.460152         -0.462084       0.000261656
                42          -0.46388         -0.462126       0.000258907
                43         -0.463344         -0.462155       0.000254396
                44         -0.464008         -0.462197       0.000252091
                45         -0.461632         -0.462184       0.000246744
                46         -0.463896         -0.462221       0.000244173
                47          -0.46092         -0.462194       0.000240521
                48         -0.462464         -0.462199       0.000235524
                49         -0.459536         -0.462145       0.000236985
                50         -0.462328         -0.462149       0.000232225
