                 1          0.937436          0.937436                 0
                 2          0.946684           0.94206          0.004624
                 3          0.933552          0.939224        0.00389487
                 4          0.943884          0.940389        0.00299036
                 5           0.78982          0.910275         0.0302028
                 6          0.883792          0.905861         0.0250523
                 7          0.947416          0.911798         0.0219896
                 8          0.958232          0.917602         0.0199084
                 9          0.881076          0.913544         0.0180205
                10          0.940772          0.916266         0.0163464
                11          0.939072           0.91834         0.0149305
                12          0.948368          0.920842         0.0138575
                13          0.972368          0.924806          0.013349
                14          0.824388          0.917633         0.0142894
                15          0.906972          0.916922         0.0133217
                16          0.947824          0.918853         0.0126101
                17           0.96368           0.92149          0.012135
                18           0.95062          0.923109         0.0115549
                19          0.841356          0.918806         0.0117463
                20          0.823704          0.914051         0.0121156
                21          0.718296          0.904729         0.0148224
                22          0.696484          0.895263         0.0170097
                23          0.912748          0.896024         0.0162711
                24           0.94878          0.898222         0.0157327
                25          0.926664           0.89936         0.0151331
                26          0.933648          0.900678         0.0145991
                27          0.903696           0.90079         0.0140484
                28          0.930492          0.901851         0.0135789
                29          0.901264          0.901831         0.0131023
                30          0.931332          0.902814         0.0126962
                31          0.850128          0.901114         0.0123968
                32          0.730168          0.895772         0.0131383
                33          0.865584          0.894858         0.0127667
                34           0.95666          0.896675         0.0125182
                35          0.940516          0.897928         0.0122197
                36            0.9603           0.89966         0.0120011
                37          0.824568          0.897631         0.0118474
                38            0.9122          0.898014         0.0115378
                39           0.97178          0.899906         0.0113961
                40           0.92686           0.90058          0.011128
                41          0.927448          0.901235         0.0108729
                42          0.952156          0.902447         0.0106799
                43          0.965932          0.903924         0.0105326
                44          0.913664          0.904145         0.0102928
                45          0.895568          0.903954         0.0100633
                46          0.901992          0.903912        0.00984217
                47          0.780848          0.901293        0.00998009
                48          0.911004          0.901496        0.00977206
                49          0.865168          0.900754        0.00959922
                50          0.880532           0.90035        0.00941397
