                 1            2.0269            2.0269                 0
                 2           2.20018           2.11354          0.086645
                 3           2.16434           2.13048         0.0528133
                 4           2.15911           2.13763         0.0380244
                 5           2.22569           2.15524         0.0343173
                 6            2.1887           2.16082         0.0285694
                 7           1.96166           2.13237         0.0373161
                 8           2.21577           2.14279         0.0339568
                 9           2.10326            2.1384         0.0302675
                10            2.2124            2.1458         0.0280653
                11            2.2188           2.15244          0.026239
                12           2.09303           2.14749         0.0244591
                13           2.17319           2.14946         0.0225858
                14           2.21199           2.15393         0.0213821
                15           2.29909           2.16361         0.0221335
                16           2.19396           2.16551         0.0207907
                17           1.98449           2.15486         0.0222435
                18           2.29129           2.16244         0.0222991
                19           2.29314           2.16932         0.0221862
                20           2.16071           2.16889         0.0210521
                21           2.13392           2.16722         0.0200936
                22           2.26533           2.17168         0.0196708
                23           2.25897           2.17548         0.0191754
                24           2.17611            2.1755          0.018359
                25           2.29879           2.18043         0.0182869
                26           2.19109           2.18084         0.0175742
                27           2.17342           2.18057         0.0169131
                28           2.14169           2.17918         0.0163569
                29           2.07102           2.17545         0.0162175
                30           2.11112           2.17331         0.0158136
                31           2.11789           2.17152         0.0153991
                32           2.16713           2.17138         0.0149108
                33           2.16104           2.17107         0.0144553
                34           2.15301           2.17054         0.0140337
                35           2.17116           2.17055         0.0136269
                36           2.08969           2.16831         0.0134321
                37           2.07113           2.16568         0.0133254
                38           2.30085           2.16924         0.0134489
                39           2.32565           2.17325         0.0136998
                40           2.21751           2.17436         0.0133986
                41           2.20091             2.175         0.0130838
                42           2.28884           2.17771         0.0130529
                43           2.14599           2.17698         0.0127671
                44           2.26821           2.17905         0.0126447
                45           2.09112            2.1771          0.012514
                46            2.1205           2.17587         0.0123007
                47           2.16155           2.17556         0.0120399
                48            2.1727            2.1755         0.0117866
                49           2.16272           2.17524         0.0115465
                50           2.36889           2.17911         0.0119578
