                 1         -0.800584         -0.800584                 0
                 2         -0.810168         -0.805376          0.004792
                 3         -0.802696         -0.804483        0.00290731
                 4         -0.803592          -0.80426         0.0020678
                 5         -0.802816         -0.803971        0.00162754
                 6         -0.805288         -0.804191        0.00134688
                 7          -0.80572         -0.804409         0.0011591
                 8         -0.807352         -0.804777        0.00106909
                 9         -0.803848         -0.804674       0.000948483
                10         -0.804008         -0.804607       0.000850957
                11         -0.806328         -0.804764       0.000785456
                12         -0.799272         -0.804306       0.000850616
                13         -0.807288         -0.804535       0.000815384
                14         -0.805672         -0.804617       0.000759252
                15          -0.79924         -0.804258       0.000792514
                16         -0.803224         -0.804194       0.000744142
                17         -0.806688          -0.80434       0.000714235
                18         -0.800704         -0.804138       0.000703036
                19         -0.806784         -0.804277       0.000679428
                20         -0.805936          -0.80436       0.000649875
                21         -0.805928         -0.804435       0.000622645
                22          -0.80452         -0.804439       0.000593682
                23         -0.803168         -0.804384       0.000569967
                24         -0.804184         -0.804375       0.000545765
                25         -0.805224         -0.804409       0.000524579
                26         -0.806248          -0.80448       0.000508937
                27         -0.804944         -0.804497       0.000490026
                28          -0.80112         -0.804377       0.000487362
                29         -0.803352         -0.804341       0.000471581
                30         -0.804256         -0.804338         0.0004556
                31         -0.803592         -0.804314       0.000441315
                32           -0.8044         -0.804317        0.00042731
                33         -0.801448          -0.80423       0.000423186
                34         -0.809656          -0.80439       0.000440476
                35         -0.800152         -0.804269       0.000444513
                36         -0.805072         -0.804291       0.000432565
                37         -0.803256         -0.804263       0.000421641
                38         -0.801272         -0.804184       0.000417874
                39         -0.800448         -0.804088       0.000418141
                40         -0.803176         -0.804066       0.000408191
                41         -0.805176         -0.804093       0.000399031
                42         -0.805744         -0.804132       0.000391394
                43           -0.8044         -0.804138       0.000382234
                44         -0.806064         -0.804182       0.000376002
                45         -0.801856          -0.80413       0.000371168
                46         -0.809824         -0.804254       0.000383532
                47         -0.802296         -0.804212       0.000377588
                48         -0.806504          -0.80426       0.000372708
                49         -0.803712         -0.804249       0.000365194
                50         -0.801992         -0.804204       0.000360652
