                 1           4.38998           4.38998                 0
                 2            4.7052           4.54759           0.15761
                 3           4.57125           4.55548         0.0913374
                 4           4.49526           4.54042         0.0663166
                 5           4.36734           4.50581         0.0619439
                 6           4.71394            4.5405         0.0613299
                 7           4.57819           4.54588         0.0521122
                 8           4.64711           4.55854          0.046871
                 9           4.25801           4.52514         0.0531387
                10           4.12929           4.48556         0.0618542
                11            4.3398           4.47231          0.057497
                12           4.43131           4.46889         0.0525984
                13           4.39795           4.46343         0.0486902
                14           4.62759           4.47516         0.0465785
                15           4.89158           4.50292         0.0514876
                16           4.31018           4.49087         0.0496459
                17           4.25318           4.47689         0.0486852
                18           4.11729           4.45691         0.0500599
                19           4.43742           4.45589         0.0473631
                20           3.98953           4.43257         0.0506226
                21           4.52676           4.43706         0.0483602
                22           4.63599            4.4461         0.0469879
                23           4.30989           4.44018         0.0452873
                24           4.09047           4.42561         0.0457422
                25           4.68877           4.43613         0.0451196
                26           4.23091           4.42824         0.0440622
                27           4.09725           4.41598         0.0441356
                28           3.99213           4.40084         0.0451437
                29           4.23762           4.39521         0.0439214
                30           4.33214           4.39311         0.0424841
                31           4.66719           4.40195         0.0420312
                32           4.35749           4.40056         0.0407203
                33           4.39814           4.40049         0.0394671
                34           4.39635           4.40037         0.0382889
                35           4.40689           4.40055         0.0371793
                36           4.24254           4.39616         0.0363975
                37           4.34497           4.39478         0.0354271
                38           4.26587           4.39139         0.0346487
                39           4.58013           4.39623         0.0340938
                40           4.82302            4.4069         0.0349015
                41           4.57227           4.41093         0.0342777
                42           4.49433           4.41292         0.0335105
                43            4.1469           4.40673         0.0333016
                44           4.80565            4.4158         0.0337755
                45           4.38235           4.41505         0.0330248
                46           4.37169           4.41411         0.0323126
                47           4.14102            4.4083         0.0321471
                48           4.51477           4.41052         0.0315483
                49           4.69765           4.41638         0.0314485
                50           4.53555           4.41876         0.0309052
