                 1          0.415729          0.415729                 0
                 2           0.42961          0.422669        0.00694036
                 3          0.421352           0.42223        0.00403102
                 4          0.403335          0.417506        0.00551714
                 5          0.427756          0.419556        0.00473978
                 6          0.401742          0.416587        0.00487778
                 7          0.410908          0.415776        0.00420157
                 8          0.462496          0.421616         0.0068808
                 9          0.409107          0.420226        0.00622542
                10           0.40647           0.41885        0.00573559
                11          0.400029          0.417139        0.00546291
                12           0.36778          0.413026        0.00646439
                13          0.440805          0.415163        0.00631866
                14          0.464874          0.418714        0.00684322
                15          0.438444          0.420029        0.00650507
                16          0.437547          0.421124        0.00618265
                17          0.418999          0.420999        0.00580894
                18          0.430144          0.421507        0.00550023
                19          0.438686          0.422411        0.00528068
                20          0.409023          0.421742        0.00505422
                21          0.369331          0.419246        0.00541674
                22           0.45449          0.420848        0.00540741
                23          0.416715          0.420668        0.00517008
                24          0.418393          0.420573        0.00495089
                25           0.43163          0.421016        0.00476927
                26          0.377485          0.419342        0.00487846
                27          0.404211          0.418781        0.00472763
                28          0.428547           0.41913        0.00456899
                29          0.452096          0.420267        0.00455282
                30          0.377015          0.418825        0.00462869
                31          0.460857          0.420181        0.00467771
                32          0.402921          0.419641        0.00456118
                33          0.388179          0.418688        0.00452244
                34           0.41777          0.418661        0.00438749
                35          0.379857          0.417552        0.00440219
                36          0.397037          0.416983        0.00431594
                37          0.448731          0.417841        0.00428448
                38          0.419515          0.417885        0.00417044
                39           0.47837          0.419436         0.0043481
                40          0.414472          0.419311        0.00423982
                41          0.424162           0.41943        0.00413681
                42          0.440542          0.419932        0.00406829
                43          0.419461          0.419921        0.00397256
                44          0.420411          0.419933        0.00388124
                45          0.400326          0.419497        0.00381895
                46          0.401357          0.419103        0.00375577
                47          0.433826          0.419416        0.00368831
                48          0.381505          0.418626        0.00369603
                49          0.422082          0.418697         0.0036205
                50            0.3943          0.418209        0.00358075
