                 1          0.600388          0.600388                 0
                 2          0.577576          0.588982          0.011406
                 3          0.507248          0.561737         0.0280292
                 4          0.793532          0.619686         0.0612443
                 5           0.60922          0.617593         0.0474858
                 6           0.52236          0.601721          0.041895
                 7          0.724844           0.61931         0.0395358
                 8          0.689996          0.628145         0.0353608
                 9          0.703664          0.636536         0.0322944
                10          0.721168             0.645         0.0300993
                11          0.754232           0.65493         0.0289803
                12           0.69546          0.658307           0.02667
                13          0.703256          0.661765         0.0247753
                14          0.696096          0.664217         0.0230681
                15          0.786852          0.672393         0.0229789
                16          0.528636          0.663408          0.023297
                17           0.77972           0.67025         0.0229284
                18          0.699868          0.671895         0.0216796
                19          0.651548          0.670824         0.0205348
                20          0.510332            0.6628          0.021069
                21          0.717576          0.665408         0.0202097
                22          0.768136          0.670078         0.0198269
                23          0.530552          0.664011         0.0198928
                24          0.649184          0.663393         0.0190559
                25           0.63384          0.662211          0.018316
                26          0.641656          0.661421         0.0176152
                27          0.622008          0.659961         0.0170129
                28          0.789208          0.664577         0.0170315
                29          0.713972           0.66628         0.0165218
                30          0.535896          0.661934         0.0165427
                31          0.744336          0.664592         0.0162194
                32           0.71398          0.666136         0.0157801
                33          0.638608          0.665301         0.0153171
                34          0.780576          0.668692         0.0152417
                35          0.737352          0.670654         0.0149292
                36          0.615536          0.669123         0.0145892
                37          0.534724           0.66549          0.014647
                38          0.711504          0.666701         0.0143076
                39           0.64342          0.666104         0.0139487
                40          0.761176          0.668481         0.0138017
                41          0.682928          0.668833         0.0134655
                42          0.790428          0.671728         0.0134561
                43          0.795484          0.674606          0.013451
                44          0.686772          0.674883         0.0131446
                45          0.675428          0.674895         0.0128492
                46          0.761276          0.676773         0.0127063
                47            0.5485          0.674044          0.012729
                48          0.749548          0.675617         0.0125599
                49          0.785188          0.677853         0.0125025
                50          0.657844          0.677453         0.0122564
