                 1         -0.891616         -0.891616                 0
                 2         -0.890992         -0.891304          0.000312
                 3         -0.898384         -0.893664        0.00236686
                 4          -0.90264         -0.895908        0.00279939
                 5         -0.883696         -0.893466        0.00326608
                 6           -0.8912         -0.893088        0.00269334
                 7           -0.8874         -0.892275        0.00241697
                 8         -0.895288         -0.892652        0.00212676
                 9         -0.900024         -0.893471        0.00204669
                10           -0.8832         -0.892444        0.00209907
                11         -0.890912         -0.892305        0.00190378
                12         -0.898376         -0.892811        0.00181005
                13         -0.895208         -0.892995        0.00167519
                14         -0.896256         -0.893228        0.00156832
                15           -0.8862         -0.892759        0.00153336
                16         -0.895432         -0.892926        0.00144402
                17         -0.888328         -0.892656        0.00138313
                18         -0.896984         -0.892896        0.00132601
                19         -0.898288          -0.89318        0.00128598
                20         -0.891144         -0.893078        0.00122423
                21         -0.896152         -0.893225        0.00117363
                22         -0.892984         -0.893214        0.00111907
                23          -0.89856         -0.893446        0.00109428
                24         -0.895776         -0.893543        0.00105218
                25         -0.885704          -0.89323        0.00105681
                26         -0.893136         -0.893226        0.00101536
                27         -0.888328         -0.893045       0.000993726
                28          -0.89552         -0.893133       0.000961651
                29         -0.885216          -0.89286       0.000967226
                30         -0.892856          -0.89286       0.000934429
                31         -0.887456         -0.892686       0.000920442
                32         -0.888424         -0.892553        0.00090111
                33         -0.883136         -0.892267       0.000918809
                34         -0.890848         -0.892225       0.000892353
                35         -0.899672         -0.892438        0.00089222
                36         -0.888864         -0.892339       0.000872748
                37         -0.898008         -0.892492        0.00086255
                38          -0.88536         -0.892304       0.000860268
                39         -0.891576         -0.892286       0.000838128
                40         -0.901128         -0.892507       0.000846287
                41         -0.894288          -0.89255        0.00082653
                42         -0.893248         -0.892567       0.000806782
                43         -0.890296         -0.892514       0.000789564
                44         -0.893776         -0.892543       0.000771944
                45         -0.891936         -0.892529       0.000754715
                46         -0.887128         -0.892412       0.000747407
                47         -0.885952         -0.892274       0.000744135
                48         -0.887712         -0.892179       0.000734642
                49         -0.894272         -0.892222        0.00072076
                50         -0.895952         -0.892297       0.000710126
