                 1           9.85994           9.85994                 0
                 2           11.3497           10.6048          0.744858
                 3           10.5378           10.5824          0.430624
                 4            10.643           10.5976          0.304873
                 5           9.80265           10.4386          0.284685
                 6           8.91568           10.1848          0.344172
                 7           11.3771           10.3551          0.337081
                 8           10.1019           10.3235          0.293632
                 9           8.59148            10.131          0.322635
                10           8.21788           9.93971          0.346231
                11           9.45191           9.89536          0.316301
                12           10.6047           9.95447          0.294731
                13           10.4745           9.99447          0.274048
                14           9.84611           9.98387           0.25394
                15           10.2653           10.0026          0.237149
                16           8.34002           9.89872          0.244965
                17           8.88867           9.83931          0.237651
                18           9.26587           9.80745          0.226313
                19           10.7461           9.85685          0.219697
                20           10.5187           9.88994          0.211033
                21           11.5713           9.97001          0.216111
                22           9.82394           9.96337           0.20616
                23           11.6001           10.0345          0.209452
                24           8.90652           9.98753          0.205969
                25           10.5181           10.0087          0.198695
                26           10.6247           10.0324          0.192365
                27           10.0394           10.0327          0.185103
                28           9.17347            10.002           0.18099
                29           11.2509           10.0451          0.179869
                30            9.4387           10.0249          0.174942
                31           11.1082           10.0598          0.172775
                32           10.3006           10.0673          0.167458
                33           9.44162           10.0484          0.163408
                34           11.2465           10.0836          0.162398
                35           10.9331           10.1079          0.159547
                36           9.49548           10.0909          0.155982
                37           10.5468           10.1032          0.152207
                38           9.98249              10.1          0.148182
                39           11.0578           10.1246          0.146407
                40           11.0823           10.1485          0.144694
                41           10.3585           10.1536          0.141214
                42           9.46983           10.1374          0.138769
                43           10.5047           10.1459          0.135773
                44           10.7551           10.1597          0.133372
                45           10.3608           10.1642          0.130451
                46           10.0706           10.1622          0.127599
                47           10.1206           10.1613          0.124858
                48           9.59624           10.1495          0.122795
                49           9.87057           10.1438          0.120397
                50           11.2228           10.1654          0.119922
