                 1         -0.975736         -0.975736                 0
                 2         -0.981984          -0.97886          0.003124
                 3         -0.982552         -0.980091         0.0021835
                 4          -0.97868         -0.979738        0.00158373
                 5         -0.962832         -0.976357        0.00359686
                 6         -0.970432         -0.975369        0.00309839
                 7         -0.978696         -0.975845         0.0026614
                 8          -0.97252         -0.975429          0.002342
                 9          -0.97092         -0.974928        0.00212534
                10         -0.970792         -0.974514        0.00194544
                11            -0.976         -0.974649        0.00176489
                12         -0.974448         -0.974633        0.00161121
                13         -0.974672         -0.974636         0.0014821
                14         -0.972376         -0.974474        0.00138162
                15         -0.978992         -0.974775        0.00132101
                16         -0.967072         -0.974294        0.00132617
                17          -0.97888         -0.974564         0.0012746
                18         -0.976856         -0.974691        0.00120843
                19         -0.972232         -0.974562        0.00115036
                20           -0.9638         -0.974024        0.00121677
                21         -0.973568         -0.974002        0.00115759
                22         -0.975352         -0.974063        0.00110542
                23         -0.975272         -0.974116        0.00105757
                24         -0.973552         -0.974092        0.00101282
                25         -0.974832         -0.974122       0.000971914
                26         -0.968504         -0.973906       0.000958458
                27         -0.973184         -0.973879       0.000922664
                28         -0.972304         -0.973823       0.000890879
                29         -0.976512         -0.973916       0.000864598
                30         -0.970592         -0.973805       0.000842596
                31          -0.97076         -0.973707       0.000820859
                32         -0.965888         -0.973462       0.000831501
                33         -0.971264         -0.973396       0.000808659
                34         -0.978184         -0.973536       0.000797055
                35          -0.97216         -0.973497       0.000774946
                36         -0.975216         -0.973545       0.000754624
                37          -0.97924         -0.973699       0.000749912
                38          -0.97556         -0.973748       0.000731552
                39         -0.983064         -0.973987       0.000751522
                40         -0.972864         -0.973959       0.000733031
                41          -0.97532         -0.973992       0.000715699
                42         -0.969304          -0.97388       0.000707313
                43         -0.976192         -0.973934       0.000692757
                44         -0.975128         -0.973961       0.000677374
                45         -0.981864         -0.974137       0.000685044
                46         -0.972168         -0.974094       0.000671351
                47         -0.970288         -0.974013       0.000661884
                48         -0.969368         -0.973916       0.000655135
                49         -0.973328         -0.973904       0.000641737
                50         -0.972256         -0.973871       0.000629635
