                 1          0.180452          0.180452                 0
                 2          0.243248           0.21185          0.031398
                 3           0.19358           0.20576         0.0191233
                 4          0.192544          0.202456           0.01392
                 5          0.170488          0.196062         0.0125355
                 6          0.223996          0.200718         0.0112443
                 7          0.192008          0.199474        0.00958424
                 8            0.1875          0.197977        0.00843406
                 9            0.2153          0.199902        0.00768315
                10          0.228916          0.202803        0.00745941
                11          0.234472          0.205682        0.00733584
                12          0.158916          0.201785        0.00774813
                13          0.191032          0.200958        0.00717508
                14          0.159116          0.197969         0.0072842
                15          0.212416          0.198932        0.00684927
                16          0.176732          0.197545        0.00655543
                17          0.173396          0.196124        0.00631948
                18          0.244624          0.198819        0.00653899
                19           0.22524          0.200209        0.00633966
                20          0.162996          0.198349        0.00629557
                21           0.24562            0.2006        0.00639739
                22          0.223572          0.201644        0.00618841
                23          0.165204          0.200059         0.0061218
                24          0.215544          0.200705        0.00589658
                25          0.182316          0.199969        0.00570343
                26          0.191308          0.199636        0.00548979
                27          0.189088          0.199245        0.00529698
                28          0.190648          0.198938        0.00511353
                29          0.237732          0.200276        0.00511217
                30          0.212992            0.2007        0.00495698
                31           0.21308          0.201099        0.00481102
                32          0.211724          0.201431        0.00467007
                33          0.224236          0.202122        0.00457879
                34          0.227116          0.202857        0.00450249
                35          0.234332          0.203757        0.00446348
                36           0.17908          0.203071        0.00439155
                37          0.184652          0.202573        0.00430013
                38          0.162928           0.20153        0.00431351
                39          0.154296          0.200319        0.00437253
                40           0.19646          0.200223        0.00426291
                41          0.198228          0.200174        0.00415792
                42          0.211312          0.200439        0.00406637
                43          0.213172          0.200735         0.0039817
                44          0.172192          0.200086        0.00394387
                45          0.170776          0.199435        0.00390987
                46          0.194868          0.199336        0.00382522
                47          0.251148          0.200438        0.00390191
                48          0.210348          0.200645        0.00382533
                49          0.219648          0.201032        0.00376647
                50          0.203848          0.201089         0.0036908
