                 1          0.952092          0.952092                 0
                 2          0.941572          0.946832           0.00526
                 3          0.945264          0.946309        0.00308151
                 4          0.857084          0.924003         0.0224125
                 5          0.936596          0.926522         0.0175424
                 6          0.647284          0.879982         0.0486939
                 7          0.924688          0.886369         0.0416464
                 8          0.856344          0.882615         0.0362616
                 9          0.896884          0.884201          0.032019
                10          0.910932          0.886874         0.0287632
                11          0.910724          0.889042         0.0261074
                12           0.95596          0.894619         0.0244764
                13          0.977188           0.90097         0.0233938
                14          0.852648          0.897519         0.0219317
                15          0.873756          0.895934         0.0204787
                16          0.979716          0.901171         0.0198589
                17            0.9461          0.903814         0.0188404
                18          0.749348          0.895232         0.0197272
                19          0.935904          0.897373         0.0187825
                20          0.963632          0.900686          0.018124
                21           0.94992           0.90303          0.017398
                22          0.850896          0.900661         0.0167568
                23          0.973412          0.903824         0.0163211
                24          0.458368          0.885263         0.0242627
                25           0.96952          0.888633         0.0235147
                26          0.951176          0.891039         0.0227199
                27          0.961248          0.893639         0.0220164
                28          0.930072           0.89494         0.0212554
                29          0.885052          0.894599         0.0205122
                30          0.939088          0.896082          0.019872
                31          0.808852          0.893268         0.0194252
                32           0.81618          0.890859          0.018962
                33          0.901276          0.891175         0.0183811
                34           0.93314          0.892409          0.017875
                35          0.907752          0.892848         0.0173623
                36          0.937412          0.894086         0.0169185
                37          0.416532          0.881179         0.0209129
                38          0.940876           0.88275         0.0204157
                39          0.953652          0.884568         0.0199682
                40          0.968768          0.886673         0.0195761
                41          0.643888          0.880751         0.0199899
                42          0.919208          0.881667         0.0195296
                43           0.58458          0.874758          0.020283
                44          0.768796           0.87235         0.0199625
                45          0.990368          0.874972         0.0196893
                46          0.898432          0.875482         0.0192632
                47          0.912848          0.876277         0.0188657
                48          0.975732          0.878349         0.0185843
                49          0.955244          0.879918         0.0182686
                50          0.970488           0.88173         0.0179909
