                 1          0.386875          0.386875                 0
                 2          0.361309          0.374092         0.0127832
                 3          0.358463          0.368882        0.00903382
                 4          0.368694          0.368835        0.00638805
                 5          0.364502          0.367969        0.00502349
                 6          0.369747          0.368265        0.00411235
                 7          0.372255          0.368835          0.003522
                 8           0.37641          0.369782        0.00319372
                 9          0.375809          0.370452         0.0028951
                10          0.366728          0.370079        0.00261609
                11          0.376459          0.370659        0.00243638
                12          0.367962          0.370434        0.00223542
                13          0.375439          0.370819        0.00209202
                14          0.368908          0.370683        0.00194164
                15          0.379237          0.371253         0.0018954
                16          0.376569          0.371585        0.00180384
                17          0.368737          0.371418        0.00170268
                18          0.377782          0.371771        0.00164378
                19          0.366096          0.371473         0.0015833
                20          0.378018            0.3718        0.00153728
                21          0.376645          0.372031        0.00148034
                22          0.383194          0.372538         0.0014999
                23          0.377276          0.372744        0.00144793
                24          0.369697          0.372617        0.00139209
                25          0.373987          0.372672        0.00133637
                26          0.372121          0.372651        0.00128411
                27          0.379334          0.372898        0.00126019
                28          0.380688          0.373176        0.00124581
                29          0.359555          0.372707        0.00129059
                30          0.377703          0.372873         0.0012579
                31          0.369667           0.37277        0.00122103
                32          0.372129           0.37275        0.00118243
                33          0.368047          0.372607        0.00115486
                34          0.373763          0.372641         0.0011209
                35            0.3754           0.37272        0.00109125
                36          0.358408          0.372323        0.00113257
                37          0.365044          0.372126        0.00111896
                38          0.363911           0.37191        0.00111036
                39          0.365441          0.371744        0.00109416
                40          0.372557          0.371764        0.00106665
                41          0.365547          0.371613         0.0010513
                42          0.364528          0.371444        0.00103974
                43          0.380906          0.371664        0.00103885
                44          0.359159           0.37138          0.001054
                45             0.366           0.37126        0.00103723
                46          0.372193           0.37128        0.00101463
                47          0.371387          0.371283        0.00099281
                48          0.372669          0.371312       0.000972335
                49          0.380513          0.371499       0.000970622
                50          0.365683          0.371383       0.000958099
