                 1          0.446952          0.446952                 0
                 2          0.426527          0.436739         0.0102126
                 3          0.424875          0.432784        0.00709972
                 4          0.448152          0.436626         0.0063216
                 5          0.440952          0.437491        0.00497255
                 6          0.460812          0.441378        0.00562061
                 7          0.436736          0.440715        0.00479635
                 8          0.439449          0.440557        0.00415678
                 9          0.430572          0.439447        0.00383011
                10          0.457596          0.441262         0.0038768
                11          0.435731          0.440759        0.00354257
                12          0.428451          0.439734        0.00339266
                13          0.434766          0.439352        0.00314411
                14           0.44878          0.440025        0.00298776
                15           0.44433          0.440312        0.00279622
                16          0.435507          0.440012        0.00263281
                17          0.434414          0.439682        0.00249492
                18          0.429006          0.439089        0.00242585
                19           0.43307          0.438772        0.00231639
                20          0.435632          0.438615        0.00220312
                21          0.450255           0.43917        0.00216766
                22          0.421929          0.438386        0.00221036
                23          0.438452          0.438389        0.00211208
                24          0.457823          0.439199        0.00217827
                25          0.416528          0.438292        0.00227763
                26          0.423546          0.437725        0.00226058
                27          0.448308          0.438117        0.00221028
                28          0.449898          0.438537        0.00217104
                29          0.436798          0.438477         0.0020957
                30          0.444986          0.438694        0.00203623
                31          0.443648          0.438854        0.00197592
                32          0.439615          0.438878        0.00191333
                33          0.443841          0.439028        0.00186053
                34          0.421464          0.438512        0.00187745
                35          0.456453          0.439024        0.00189371
                36          0.435429          0.438925        0.00184307
                37          0.453034          0.439306        0.00183268
                38          0.435021          0.439193        0.00178736
                39          0.435978          0.439111        0.00174288
                40           0.42636          0.438792        0.00172839
                41          0.433941          0.438674        0.00168986
                42          0.456472          0.439097        0.00170271
                43          0.434321          0.438986        0.00166635
                44          0.424397          0.438655        0.00166146
                45          0.448024          0.438863        0.00163741
                46          0.426003          0.438583        0.00162564
                47          0.447517          0.438773        0.00160199
                48          0.436302          0.438722         0.0015691
                49          0.440591           0.43876        0.00153722
                50          0.431479          0.438614        0.00151319
