                 1            1.5925            1.5925                 0
                 2           1.74948           1.67099         0.0784911
                 3           1.66736           1.66978          0.045333
                 4           1.63829           1.66191         0.0330079
                 5           1.79379           1.68828         0.0367349
                 6           1.67219            1.6856         0.0301136
                 7            1.5824           1.67086         0.0294124
                 8           1.68474           1.67259         0.0255309
                 9           1.72056           1.67792         0.0231385
                10           1.65761           1.67589         0.0207951
                11           1.69411           1.67755         0.0188826
                12           1.61485           1.67232         0.0180119
                13           1.64124           1.66993         0.0167402
                14           1.74545           1.67533         0.0164104
                15           1.80495           1.68397          0.017552
                16           1.67988           1.68371         0.0164204
                17           1.51983           1.67407         0.0181891
                18           1.74787           1.67817         0.0176321
                19           1.75535           1.68223         0.0171658
                20           1.70233           1.68324         0.0163159
                21           1.66017           1.68214         0.0155584
                22           1.73044           1.68434         0.0149959
                23           1.75382           1.68736         0.0146441
                24           1.65596           1.68605         0.0140816
                25           1.77812           1.68973         0.0139997
                26           1.60836            1.6866         0.0138099
                27           1.70744           1.68737         0.0133109
                28           1.64175           1.68574         0.0129298
                29           1.64411           1.68431         0.0125583
                30           1.73175           1.68589         0.0122351
                31           1.59648           1.68301         0.0121802
                32           1.64866           1.68193         0.0118422
                33           1.65388           1.68108         0.0115092
                34           1.63856           1.67983         0.0112354
                35           1.69073           1.68014         0.0109141
                36           1.66408            1.6797         0.0106159
                37           1.59718           1.67747         0.0105631
                38           1.77208           1.67996         0.0105786
                39           1.76973           1.68226         0.0105578
                40           1.69294           1.68253         0.0102939
                41           1.75522            1.6843         0.0101951
                42           1.77598           1.68648          0.010186
                43           1.65048           1.68564        0.00998146
                44           1.77234           1.68761        0.00994905
                45           1.61389           1.68598        0.00986248
                46           1.61501           1.68443        0.00976829
                47           1.67987           1.68434        0.00955869
                48           1.71387           1.68495        0.00937763
                49           1.70999           1.68546        0.00919846
                50           1.79104           1.68757        0.00925666
