                 1         -0.937528         -0.937528                 0
                 2          -0.94264         -0.940084          0.002556
                 3         -0.932944         -0.937704        0.00280038
                 4         -0.936424         -0.937384        0.00200586
                 5         -0.928304         -0.935568        0.00238996
                 6         -0.934072         -0.935319        0.00196726
                 7         -0.938664         -0.935797        0.00172996
                 8          -0.93348         -0.935507        0.00152592
                 9         -0.939832         -0.935988        0.00142896
                10         -0.935904         -0.935979        0.00127813
                11         -0.942848         -0.936604        0.00131397
                12         -0.925512         -0.935679         0.0015143
                13         -0.935696         -0.935681        0.00139295
                14         -0.937512         -0.935811        0.00129624
                15         -0.930008         -0.935425        0.00126724
                16         -0.928024         -0.934962        0.00127244
                17         -0.934272         -0.934921        0.00119594
                18         -0.935776         -0.934969        0.00112854
                19         -0.939096         -0.935186        0.00108937
                20          -0.93656         -0.935255        0.00103574
                21         -0.929864         -0.934998        0.00101808
                22         -0.934816          -0.93499        0.00097074
                23         -0.941688         -0.935281       0.000972217
                24         -0.935096         -0.935273       0.000930859
                25         -0.936784         -0.935334       0.000894891
                26          -0.93016         -0.935135        0.00088251
                27          -0.93972         -0.935305        0.00086601
                28         -0.929528         -0.935098       0.000859632
                29         -0.937544         -0.935183       0.000833736
                30         -0.928336         -0.934954       0.000837174
                31         -0.925952         -0.934664       0.000860218
                32         -0.936688         -0.934727       0.000835301
                33         -0.933576         -0.934692       0.000810344
                34         -0.929536         -0.934541       0.000800644
                35         -0.934568         -0.934541       0.000777432
                36         -0.934584         -0.934543       0.000755529
                37         -0.932336         -0.934483       0.000737242
                38         -0.935104         -0.934499       0.000717765
                39         -0.935416         -0.934523       0.000699514
                40         -0.939648         -0.934651       0.000693736
                41         -0.935392         -0.934669       0.000676846
                42         -0.933808         -0.934649       0.000660852
                43           -0.9358         -0.934675       0.000645856
                44         -0.932608         -0.934628       0.000632753
                45         -0.948288         -0.934932       0.000689002
                46         -0.937848         -0.934995       0.000676832
                47         -0.941488         -0.935133       0.000676529
                48         -0.930216         -0.935031       0.000670161
                49         -0.936792         -0.935067       0.000657325
                50         -0.929368         -0.934953       0.000654052
