                 1          0.324051          0.324051                 0
                 2          0.308744          0.316397        0.00765327
                 3          0.317982          0.316926        0.00445008
                 4          0.320595          0.317843        0.00327767
                 5          0.327623          0.319799        0.00320496
                 6          0.312147          0.318524        0.00291103
                 7          0.323298          0.319206        0.00255305
                 8          0.308459          0.317862         0.0025871
                 9          0.310614          0.317057        0.00241957
                10          0.308961          0.316247        0.00231061
                11          0.323229          0.316882        0.00218426
                12          0.328242          0.317829        0.00220725
                13          0.313286          0.317479        0.00206023
                14          0.320982          0.317729        0.00192374
                15          0.322256          0.318031        0.00181615
                16          0.317981          0.318028        0.00169885
                17          0.311735          0.317658        0.00163817
                18           0.30469          0.316937        0.00170423
                19          0.320992          0.317151        0.00162611
                20          0.316881          0.317137        0.00154272
                21          0.325995          0.317559        0.00152684
                22           0.32207          0.317764        0.00147015
                23          0.316016          0.317688        0.00140683
                24          0.313868          0.317529        0.00135631
                25          0.317182          0.317515          0.001301
                26          0.323318          0.317738        0.00126973
                27          0.311465          0.317506        0.00124369
                28          0.311332          0.317285        0.00121857
                29          0.320628          0.317401        0.00118143
                30          0.315835          0.317348        0.00114257
                31          0.310366          0.317123        0.00112782
                32          0.326289           0.31741        0.00112894
                33          0.320701          0.317509        0.00109873
                34           0.32442          0.317713        0.00108514
                35          0.316507          0.317678        0.00105424
                36          0.318916          0.317713        0.00102511
                37          0.317664          0.317711       0.000997023
                38          0.317604          0.317708       0.000970435
                39           0.31244          0.317573       0.000954829
                40          0.313794          0.317479       0.000935435
                41          0.314341          0.317402       0.000915538
                42          0.318031          0.317417       0.000893599
                43          0.313965          0.317337       0.000876256
                44          0.316601           0.31732       0.000856273
                45          0.326417          0.317522       0.000861093
                46          0.315157          0.317471       0.000843735
                47          0.324756          0.317626        0.00084001
                48           0.32241          0.317726       0.000828343
                49          0.309661          0.317561       0.000827791
                50          0.315106          0.317512        0.00081255
