                 1         -0.505168         -0.505168                 0
                 2           -0.5076         -0.506384          0.001216
                 3         -0.504704         -0.505824       0.000898045
                 4         -0.503032         -0.505126       0.000943635
                 5          -0.50324         -0.504749       0.000822525
                 6         -0.506808         -0.505092         0.0007542
                 7         -0.505752         -0.505186       0.000644351
                 8         -0.507648         -0.505494       0.000637244
                 9         -0.504776         -0.505414        0.00056763
                10         -0.502968          -0.50517       0.000563563
                11         -0.504088         -0.505071       0.000519158
                12         -0.505688         -0.505123       0.000476703
                13         -0.504888         -0.505105       0.000438875
                14          -0.50552         -0.505134       0.000407401
                15         -0.503728         -0.505041       0.000390685
                16         -0.502848         -0.504903       0.000390299
                17         -0.506568         -0.505001       0.000379472
                18         -0.502856         -0.504882       0.000377101
                19         -0.501768         -0.504718       0.000392557
                20         -0.503344          -0.50465       0.000378699
                21         -0.502368         -0.504541       0.000376243
                22         -0.508024         -0.504699       0.000392116
                23         -0.504472         -0.504689       0.000374811
                24         -0.498448         -0.504429       0.000443177
                25         -0.504448          -0.50443       0.000425081
                26         -0.505312         -0.504464       0.000409811
                27         -0.508496         -0.504613        0.00042167
                28         -0.503096         -0.504559       0.000409929
                29         -0.502672         -0.504494       0.000400858
                30           -0.5028         -0.504438       0.000391361
                31          -0.50432         -0.504434       0.000378545
                32         -0.507816         -0.504539       0.000381459
                33         -0.505152         -0.504558       0.000370185
                34         -0.503744         -0.504534       0.000359929
                35         -0.506336         -0.504586       0.000353266
                36         -0.504264         -0.504577       0.000343429
                37         -0.502984         -0.504534        0.00033678
                38            -0.505         -0.504546       0.000328028
                39         -0.504312          -0.50454       0.000319562
                40         -0.504968         -0.504551       0.000311655
                41         -0.507384          -0.50462       0.000311715
                42         -0.505184         -0.504633         0.0003045
                43         -0.505544         -0.504654       0.000298087
                44         -0.506992         -0.504707        0.00029604
                45         -0.503624         -0.504683       0.000290387
                46         -0.506168         -0.504716       0.000285832
                47         -0.505432         -0.504731       0.000280099
                48         -0.506864         -0.504775        0.00027778
                49         -0.502152         -0.504722       0.000277269
                50          -0.50544         -0.504736       0.000272047
