                 1          0.043196          0.043196                 0
                 2           0.04668          0.044938          0.001742
                 3          0.039988          0.043288        0.00193236
                 4          0.042712          0.043144        0.00137395
                 5          0.040496         0.0426144        0.00118875
                 6          0.054208         0.0445467        0.00216235
                 7          0.047152         0.0449189        0.00186503
                 8          0.038612         0.0441305        0.00179729
                 9          0.038148         0.0434658         0.0017188
                10           0.04176         0.0432952        0.00154678
                11          0.043052         0.0432731        0.00139929
                12          0.043884          0.043324        0.00127838
                13          0.042436         0.0432557        0.00117792
                14             0.036         0.0427374        0.00120743
                15          0.054264         0.0435059        0.00136162
                16          0.050344         0.0439333        0.00134347
                17          0.045408           0.04402        0.00126495
                18          0.045664         0.0441113         0.0011961
                19          0.043776         0.0440937        0.00113153
                20          0.045684         0.0441732         0.0010764
                21          0.053168         0.0446015        0.00110985
                22          0.037124         0.0442616        0.00111144
                23          0.041684         0.0441496        0.00106792
                24          0.058664         0.0447543        0.00118792
                25          0.051688         0.0450317        0.00117268
                26          0.035144         0.0446514        0.00118913
                27          0.026324         0.0439726        0.00133043
                28          0.055704         0.0443916        0.00134876
                29           0.04006         0.0442422        0.00130996
                30          0.055148         0.0446057        0.00131672
                31          0.052384         0.0448566        0.00129802
                32           0.05166         0.0450693        0.00127466
                33          0.037168         0.0448298        0.00125842
                34          0.041776           0.04474        0.00122414
                35          0.044448         0.0447317        0.00118868
                36          0.037604         0.0445337        0.00117204
                37           0.04772         0.0446198        0.00114317
                38          0.047708         0.0447011        0.00111564
                39          0.025648         0.0442125        0.00119143
                40          0.056628         0.0445229        0.00120202
                41          0.042332         0.0444695        0.00117356
                42          0.044588         0.0444723        0.00114528
                43          0.044376           0.04447        0.00111833
                44          0.044428         0.0444691        0.00109262
                45          0.045468         0.0444913        0.00106829
                46           0.04702         0.0445463        0.00104626
                47          0.051952         0.0447038        0.00103581
                48          0.044572         0.0447011          0.001014
                49          0.046868         0.0447453       0.000994077
                50          0.041352         0.0446774       0.000976354
