                 1          0.226904          0.226904                 0
                 2          0.124588          0.175746          0.051158
                 3          0.187948          0.179813         0.0298148
                 4           0.17528           0.17868         0.0211127
                 5          0.222492          0.187442         0.0185534
                 6          0.164112          0.183554         0.0156398
                 7            0.2058          0.186732         0.0135948
                 8          0.135856          0.180372         0.0133812
                 9          0.229656          0.185848         0.0130097
                10            0.1577          0.183034         0.0119718
                11          0.235288          0.187784         0.0118251
                12          0.185232          0.187571         0.0107968
                13          0.256292          0.192858         0.0112509
                14          0.139008          0.189011         0.0111038
                15          0.233324          0.191965         0.0107509
                16          0.234936          0.194651          0.010409
                17          0.249696          0.197889         0.0102997
                18          0.227896          0.199556        0.00985273
                19          0.254752          0.202461        0.00976202
                20           0.23942          0.204309        0.00944363
                21          0.139984          0.201246        0.00949059
                22          0.196816          0.201045        0.00905116
                23           0.26056          0.203632        0.00902749
                24          0.216224          0.204157        0.00865907
                25          0.204548          0.204172         0.0083055
                26          0.192716          0.203732        0.00799182
                27          0.214064          0.204115        0.00769965
                28          0.282344          0.206908        0.00792818
                29          0.266928          0.208978        0.00792493
                30          0.200416          0.208693        0.00766153
                31           0.15048          0.206815        0.00764449
                32          0.208824          0.206878        0.00740201
                33          0.199632          0.206658        0.00717756
                34          0.222008           0.20711        0.00697788
                35          0.220616          0.207495        0.00678656
                36          0.193948          0.207119        0.00660607
                37          0.180836          0.206409         0.0064642
                38          0.182824          0.205788        0.00632233
                39          0.156912          0.204535        0.00628431
                40           0.17926          0.203903         0.0061577
                41          0.255552          0.205163        0.00613633
                42          0.196528          0.204957        0.00599197
                43          0.151548          0.203715        0.00598135
                44          0.185724          0.203306        0.00585811
                45          0.114112          0.201324        0.00605978
                46          0.219656          0.201723        0.00593997
                47            0.2391          0.202518        0.00586637
                48          0.178336          0.202014        0.00576491
                49          0.247124          0.202935        0.00572059
                50          0.309252          0.205061        0.00599479
