                 1           0.23006           0.23006                 0
                 2          0.232981          0.231521         0.0014604
                 3           0.23049          0.231177        0.00091049
                 4          0.228149           0.23042       0.000993721
                 5          0.230007          0.230338       0.000774151
                 6          0.230807          0.230416       0.000636923
                 7          0.234842          0.231048       0.000830439
                 8          0.230136          0.230934       0.000728165
                 9          0.230017          0.230832       0.000650225
                10          0.226606           0.23041         0.0007189
                11          0.231587          0.230517       0.000659015
                12          0.231475          0.230597       0.000606877
                13            0.2283           0.23042       0.000585544
                14          0.232841          0.230593       0.000569019
                15          0.225416          0.230248       0.000632221
                16          0.230908          0.230289       0.000592826
                17          0.230786          0.230318       0.000557629
                18          0.228589          0.230222        0.00053444
                19          0.232257          0.230329       0.000516753
                20          0.226919          0.230159       0.000519036
                21          0.230607           0.23018       0.000494162
                22          0.229976          0.230171       0.000471257
                23          0.232446           0.23027       0.000461039
                24           0.23098          0.230299       0.000442402
                25          0.227497          0.230187       0.000438893
                26          0.228346          0.230116       0.000427581
                27          0.228377          0.230052       0.000416455
                28          0.228994          0.230014       0.000403079
                29          0.227557           0.22993       0.000398055
                30          0.233332          0.230043       0.000400933
                31          0.228178          0.229983       0.000392422
                32          0.231173           0.23002       0.000381776
                33          0.229625          0.230008       0.000370219
                34             0.225          0.229861       0.000388191
                35          0.229541          0.229852       0.000377048
                36          0.231693          0.229903       0.000369978
                37          0.227121          0.229828       0.000367612
                38          0.229088          0.229808       0.000358336
                39          0.229736          0.229806       0.000349032
                40          0.227166           0.22974       0.000346536
                41          0.224049          0.229601       0.000365372
                42          0.227106          0.229542       0.000361483
                43          0.225482          0.229448       0.000365388
                44          0.227841          0.229411       0.000358849
                45          0.225941          0.229334       0.000359162
                46          0.222798          0.229192       0.000378913
                47          0.231865          0.229249       0.000375101
                48          0.234947          0.229367       0.000385915
                49          0.230235          0.229385       0.000378371
                50           0.22835          0.229364       0.000371304
