                 1          0.062904          0.062904                 0
                 2             0.059          0.060952          0.001952
                 3           0.04626         0.0560547        0.00502533
                 4          0.062656          0.057705        0.00391798
                 5          0.062188         0.0586016        0.00316453
                 6          0.058516         0.0585873        0.00258387
                 7           0.05944         0.0587091        0.00218716
                 8          0.057448         0.0585515        0.00190069
                 9          0.056048         0.0582733        0.00169917
                10          0.059956         0.0584416        0.00152907
                11          0.063432         0.0588953         0.0014556
                12          0.055748          0.058633        0.00135441
                13          0.058484         0.0586215        0.00124593
                14           0.02948           0.05654        0.00237979
                15          0.057648         0.0566139        0.00221669
                16           0.06844          0.057353        0.00220132
                17          0.057328         0.0573515        0.00206778
                18          0.070704         0.0580933        0.00208589
                19          0.065624         0.0584897        0.00201247
                20          0.062892         0.0587098        0.00192184
                21          0.055856         0.0585739        0.00183308
                22          0.060052         0.0586411        0.00174906
                23          0.055364         0.0584986        0.00167735
                24          0.061672         0.0586308        0.00161138
                25          0.057032         0.0585669         0.0015469
                26          0.052944         0.0583506        0.00150187
                27          0.061316         0.0584604        0.00144934
                28          0.052304         0.0582406        0.00141382
                29          0.051284         0.0580007        0.00138513
                30          0.035328         0.0572449        0.00153683
                31          0.073484         0.0577688        0.00157603
                32          0.054276         0.0576596        0.00152988
                33          0.054184         0.0575543        0.00148653
                34           0.03926         0.0570162        0.00153926
                35          0.049784         0.0568096        0.00150885
                36          0.049596         0.0566092        0.00147996
                37          0.068888         0.0569411        0.00147717
                38          0.047092         0.0566819        0.00146095
                39          0.059132         0.0567447        0.00142438
                40          0.062176         0.0568805        0.00139494
                41           0.05182         0.0567571        0.00136608
                42          0.051652         0.0566355        0.00133868
                43          0.067828         0.0568958        0.00133284
                44           0.05628         0.0568818        0.00130227
                45           0.05646         0.0568724        0.00127304
                46           0.05294          0.056787        0.00124799
                47          0.072244         0.0571158        0.00126466
                48          0.050936         0.0569871        0.00124471
                49          0.051628         0.0568777        0.00122394
                50          0.070624         0.0571526        0.00123032
