                 1           2.77198           2.77198                 0
                 2           3.02385           2.89792          0.125934
                 3           3.09906           2.96496         0.0989027
                 4           2.92126           2.95404          0.070783
                 5           2.94076           2.95138         0.0548925
                 6           3.05227            2.9682         0.0478698
                 7           2.67613           2.92647         0.0581176
                 8           2.98767           2.93412         0.0509093
                 9           2.90612           2.93101         0.0450055
                10           2.92527           2.93044         0.0402582
                11           2.88726           2.92651         0.0366258
                12            2.8727           2.92203         0.0337341
                13           3.04234           2.93128         0.0323815
                14           3.09683           2.94311         0.0322272
                15           3.06409           2.95117         0.0310671
                16           2.96537           2.95206         0.0290742
                17           2.75752           2.94062          0.029611
                18           2.93283           2.94018         0.0279209
                19           3.08247           2.94767         0.0274517
                20           2.85154           2.94287         0.0264828
                21           3.02187           2.94663         0.0254695
                22           3.05516           2.95156         0.0247803
                23           3.17156           2.96113         0.0255374
                24           2.88994           2.95816         0.0246294
                25            3.1007           2.96386          0.024302
                26           3.01636           2.96588         0.0234358
                27           2.75732           2.95816         0.0238374
                28           2.94795           2.95779         0.0229731
                29           2.78557           2.95185         0.0229486
                30            2.9695           2.95244         0.0221782
                31           2.91508           2.95124         0.0214847
                32           3.09891           2.95585         0.0213082
                33           3.07631            2.9595         0.0209726
                34           2.92337           2.95844         0.0203741
                35           2.84902           2.95531         0.0200289
                36           2.76136           2.94993         0.0201965
                37           2.82874           2.94665         0.0199142
                38           2.99891           2.94803         0.0194318
                39           3.22493           2.95513         0.0202149
                40           2.97405            2.9556         0.0197087
                41           2.98429            2.9563         0.0192347
                42            3.1805           2.96164         0.0195154
                43           2.87583           2.95964         0.0191604
                44           3.02729           2.96118         0.0187829
                45           2.76473           2.95681         0.0188726
                46           2.95315           2.95673         0.0184579
                47           3.07776           2.95931         0.0182436
                48           3.04031             2.961          0.017939
                49           2.96738           2.96113         0.0175696
                50           3.12511           2.96441         0.0175243
