                 1           46.2559           46.2559                 0
                 2           49.9489           48.1024           1.84654
                 3           43.4293           46.5447           1.88759
                 4           43.3054           45.7349           1.56119
                 5           39.2809           44.4441           1.76877
                 6           42.4253           44.1076           1.48287
                 7           46.7623           44.4869           1.30938
                 8           43.8165           44.4031           1.13704
                 9           47.7082           44.7703           1.06791
                10           43.8872            44.682           0.95924
                11           49.2922           45.1011          0.963584
                12           35.6418           44.3128           1.18116
                13            45.295           44.3884           1.08913
                14           46.1593           44.5149           1.01624
                15           42.3186           44.3685          0.957331
                16           40.6185           44.1341          0.925664
                17           44.5927           44.1611          0.869928
                18           44.3623           44.1722          0.820252
                19           47.8055           44.3635          0.799097
                20           44.7808           44.3843          0.758377
                21           38.8417           44.1204           0.76813
                22           45.8364           44.1984          0.736525
                23           48.3709           44.3798           0.72678
                24           44.1492           44.3702          0.695906
                25            44.993           44.3951          0.667954
                26           37.6554           44.1359          0.692125
                27           46.4749           44.2225          0.671608
                28           39.7584           44.0631          0.666527
                29           46.8447            44.159          0.650246
                30           37.6695           43.9427          0.664398
                31            39.264           43.7918          0.660094
                32           43.9389           43.7964           0.63915
                33           41.4611           43.7256          0.623508
                34           41.6108           43.6634          0.608081
                35           43.8788           43.6695          0.590484
                36           42.1395            43.627          0.575419
                37           41.5409           43.5707          0.562484
                38           45.2417           43.6146          0.549245
                39           45.6469           43.6667          0.537508
                40            46.696           43.7425          0.529344
                41           44.9059           43.7709          0.517051
                42           44.9338           43.7985          0.505349
                43           42.8833           43.7773          0.493916
                44           43.1513            43.763          0.482769
                45           55.0953           44.0149          0.534906
                46           45.4879           44.0469          0.524128
                47           49.5926           44.1649          0.526253
                48            40.451           44.0875          0.520951
                49           45.7811           44.1221          0.511378
                50           40.0446           44.0405          0.507639
