                 1          0.414412          0.414412                 0
                 2           0.38122          0.397816          0.016596
                 3           0.29612          0.363917         0.0352268
                 4          0.497644          0.397349          0.041691
                 5          0.445144          0.406908         0.0336788
                 6          0.370884          0.400904         0.0281464
                 7          0.479144          0.412081         0.0262831
                 8          0.296628          0.397649         0.0269513
                 9          0.413616          0.399424         0.0238349
                10          0.443472          0.403828         0.0217689
                11          0.429564          0.406168         0.0198292
                12          0.577036          0.420407         0.0230307
                13          0.501316          0.426631         0.0220805
                14          0.416824           0.42593         0.0204545
                15          0.432268          0.426353         0.0190468
                16          0.554036          0.434333         0.0195222
                17           0.55422          0.441385         0.0196472
                18          0.447872          0.441746         0.0185271
                19          0.544268          0.447141         0.0183368
                20          0.499256          0.449747         0.0175899
                21           0.25928          0.440677         0.0190315
                22           0.57458          0.446764         0.0191394
                23           0.55286          0.451377         0.0188611
                24          0.425344          0.450292         0.0180907
                25          0.489252           0.45185         0.0174218
                26          0.396528          0.449723          0.016873
                27          0.579664          0.454535         0.0169344
                28          0.636132          0.461021         0.0175599
                29          0.507112           0.46261          0.017018
                30           0.42454          0.461341         0.0164898
                31          0.366976          0.458297         0.0162369
                32            0.4038          0.456594         0.0158133
                33          0.364956          0.453817         0.0155762
                34          0.498408          0.455129         0.0151679
                35          0.506412          0.456594         0.0148009
                36          0.493648          0.457623         0.0144206
                37          0.476148          0.458124         0.0140344
                38          0.412168          0.456915         0.0137135
                39           0.27962          0.452369         0.0141097
                40          0.391772          0.450854         0.0138356
                41          0.403244          0.449692         0.0135438
                42          0.477604          0.450357         0.0132341
                43           0.38578          0.448855         0.0130096
                44          0.452672          0.448942         0.0127108
                45            0.4521          0.449012         0.0124253
                46          0.430044            0.4486         0.0121592
                47          0.351412          0.446532         0.0120761
                48          0.457624          0.446763          0.011824
                49          0.615132          0.450199         0.0120793
                50          0.528576          0.451767         0.0119386
