                 1           4.53717           4.53717                 0
                 2           4.82157           4.67937          0.142197
                 3           4.36303           4.57392          0.133638
                 4           4.42049           4.53557          0.101985
                 5            4.3484           4.49813         0.0874171
                 6           4.13377           4.43741         0.0937134
                 7           4.27489           4.41419         0.0825348
                 8           4.46889           4.42103         0.0718035
                 9           4.53326            4.4335          0.064541
                10           4.18224           4.40837         0.0629582
                11           4.49754           4.41648         0.0575219
                12           4.55683           4.42817         0.0537968
                13           4.24356           4.41397         0.0514832
                14           4.75471           4.43831         0.0535184
                15           4.33705           4.43156         0.0502781
                16           4.61699           4.44315         0.0484378
                17           4.28433           4.43381         0.0464486
                18           4.21907           4.42188          0.045388
                19           4.06295           4.40299         0.0469052
                20           4.86631           4.42615         0.0501674
                21           4.52556           4.43089         0.0479529
                22           4.44987           4.43175         0.0457294
                23           4.50169           4.43479         0.0438017
                24           4.60441           4.44186         0.0425282
                25           4.35817           4.43851         0.0409288
                26           4.41885           4.43775         0.0393304
                27           4.32096           4.43343         0.0380921
                28            4.2953            4.4285         0.0370365
                29           4.21703            4.4212         0.0364729
                30           4.71682           4.43106          0.036588
                31           4.43661           4.43124         0.0353886
                32           4.27199           4.42626         0.0346243
                33            4.7272           4.43538         0.0347757
                34           4.56727           4.43926         0.0339597
                35           4.29738           4.43521         0.0332233
                36           4.47991           4.43645         0.0323112
                37           4.48679           4.43781         0.0314552
                38           4.22289           4.43215         0.0311343
                39           4.43828           4.43231         0.0303258
                40           4.24283           4.42757         0.0299351
                41           4.12217           4.42012         0.0301311
                42           4.12177           4.41302         0.0302508
                43           4.42372           4.41327           0.02954
                44           4.43546           4.41377         0.0288652
                45           4.47317           4.41509         0.0282474
                46           4.21261           4.41069         0.0279749
                47            4.4859           4.41229           0.02742
                48           4.06149           4.40498         0.0278198
                49           4.34073           4.40367         0.0272777
                50           4.26636           4.40093         0.0268673
