                 1         -0.681016         -0.681016                 0
                 2         -0.685992         -0.683504          0.002488
                 3         -0.680312          -0.68244        0.00178759
                 4         -0.685232         -0.683138        0.00144393
                 5         -0.684264         -0.683363        0.00114091
                 6         -0.681856         -0.683112       0.000964826
                 7         -0.682832         -0.683072       0.000816407
                 8          -0.68272         -0.683028       0.000708397
                 9         -0.682952          -0.68302       0.000624804
                10          -0.68144         -0.682862       0.000580736
                11          -0.68352         -0.682921       0.000528695
                12         -0.685408         -0.683129       0.000525232
                13         -0.682296         -0.683065        0.00048737
                14         -0.684536          -0.68317       0.000463296
                15          -0.67708         -0.682764       0.000592321
                16          -0.68476         -0.682889        0.00056794
                17         -0.680736         -0.682762       0.000548306
                18         -0.682088         -0.682724       0.000518302
                19         -0.682736         -0.682725       0.000490265
                20         -0.688008         -0.682989       0.000534881
                21         -0.681592         -0.682923       0.000513105
                22           -0.6852         -0.683026       0.000500058
                23         -0.683968         -0.683067       0.000479573
                24          -0.68336         -0.683079       0.000459319
                25          -0.68516         -0.683163       0.000448355
                26         -0.683352          -0.68317       0.000430827
                27          -0.67888         -0.683011       0.000443967
                28         -0.681608         -0.682961       0.000430742
                29         -0.679952         -0.682857       0.000428378
                30         -0.683032         -0.682863       0.000413893
                31         -0.682112         -0.682839       0.000401052
                32         -0.682904         -0.682841       0.000388322
                33         -0.686688         -0.682957       0.000394013
                34         -0.683808         -0.682982       0.000383067
                35         -0.680024         -0.682898       0.000381444
                36         -0.680632         -0.682835       0.000376002
                37           -0.6808          -0.68278       0.000369811
                38         -0.681384         -0.682743       0.000361817
                39         -0.678824         -0.682643       0.000366465
                40         -0.683192         -0.682656        0.00035745
                41         -0.678768         -0.682562       0.000361293
                42         -0.680384          -0.68251       0.000356377
                43         -0.681192         -0.682479       0.000349337
                44          -0.68224         -0.682474       0.000341349
                45         -0.680064          -0.68242       0.000337946
                46         -0.684104         -0.682457       0.000332539
                47           -0.6826          -0.68246       0.000325401
                48         -0.681104         -0.682431       0.000319799
                49         -0.680768         -0.682398       0.000315039
                50            -0.682          -0.68239       0.000308777
