                 1           2.08647           2.08647                 0
                 2           2.12825           2.10736         0.0208875
                 3           2.16928             2.128         0.0239055
                 4           2.13208           2.12902         0.0169345
                 5           2.17382           2.13798         0.0158862
                 6           2.15686           2.14113         0.0133474
                 7            2.1694           2.14517         0.0119819
                 8           2.22498           2.15514         0.0143943
                 9           2.10539           2.14961          0.013846
                10           2.14658           2.14931          0.012388
                11           2.22619            2.1563          0.013206
                12           2.20931           2.16072         0.0128393
                13           2.15854           2.16055         0.0118116
                14           2.15617           2.16024         0.0109399
                15           2.13661           2.15866         0.0103056
                16           2.28373           2.16648         0.0124108
                17           2.29442             2.174         0.0138762
                18           2.23206           2.17723         0.0134744
                19           2.08903           2.17259         0.0135644
                20           2.18785           2.17335          0.012891
                21           2.16512           2.17296          0.012268
                22           2.13739           2.17134         0.0118083
                23           2.13738           2.16987         0.0113794
                24             2.188           2.17062         0.0109211
                25           2.32238           2.17669         0.0121069
                26           2.18392           2.17697         0.0116352
                27           2.06719            2.1729         0.0119115
                28           2.26132           2.17606         0.0119046
                29           2.19101           2.17658         0.0114984
                30            2.1173            2.1746         0.0112828
                31           2.13118            2.1732         0.0110023
                32           2.30259           2.17724         0.0113944
                33           2.11761           2.17544         0.0111906
                34           2.07627           2.17252         0.0112414
                35           2.09362           2.17027         0.0111459
                36           2.13861           2.16939         0.0108675
                37           2.18617           2.16984         0.0105794
                38            2.1862           2.17027         0.0103062
                39           2.18376           2.17062         0.0100445
                40           2.15388            2.1702        0.00979906
                41           2.21932            2.1714        0.00963189
                42            2.2056           2.17221        0.00943499
                43           2.09987           2.17053         0.0093653
                44           2.25116           2.17236         0.0093317
                45           2.12007            2.1712        0.00919569
                46            2.1905           2.17162        0.00900335
                47           2.17651           2.17172        0.00881032
                48           2.12823           2.17082        0.00867229
                49           2.13816           2.17015        0.00851956
                50           2.21879           2.17112        0.00840393
