                 1          0.418964          0.418964                 0
                 2          0.390984          0.404974           0.01399
                 3          0.375972          0.395307         0.0125975
                 4          0.514316          0.425059         0.0310572
                 5          0.476396          0.435326         0.0261563
                 6          0.433644          0.435046         0.0213583
                 7           0.41804          0.432617         0.0182138
                 8          0.493968          0.440285         0.0175391
                 9          0.498288           0.44673         0.0167569
                10          0.434464          0.445504          0.015038
                11          0.476052          0.448281          0.013883
                12          0.446604          0.448141         0.0126741
                13           0.46142          0.449162         0.0117032
                14          0.396224          0.445381         0.0114759
                15           0.50534          0.449378         0.0114068
                16           0.44276          0.448965         0.0106781
                17           0.37954          0.444881         0.0108298
                18          0.497388          0.447798          0.010619
                19          0.359544          0.443153         0.0110665
                20           0.50376          0.446183         0.0109272
                21          0.422436          0.445053         0.0104552
                22          0.425812          0.444178         0.0100069
                23          0.330632          0.439241         0.0107612
                24          0.436576           0.43913         0.0103036
                25          0.465944          0.440203        0.00994093
                26          0.430356          0.439824        0.00955844
                27          0.462424          0.440661        0.00923562
                28          0.436652          0.440518        0.00890082
                29          0.424628           0.43997        0.00860587
                30          0.403244          0.438746        0.00840371
                31           0.47928          0.440053         0.0082326
                32           0.46496          0.440832        0.00800909
                33            0.4617          0.441464        0.00778831
                34          0.445196          0.441574        0.00755657
                35          0.416916          0.440869        0.00737124
                36          0.402788          0.439811        0.00724124
                37          0.423516          0.439371        0.00705657
                38          0.422832          0.438936        0.00688213
                39          0.368224          0.437123        0.00694422
                40            0.4104          0.436455        0.00680128
                41          0.537812          0.438927        0.00707901
                42          0.520572          0.440871         0.0071767
                43          0.517756          0.442659        0.00723232
                44          0.519964          0.444416        0.00728119
                45          0.550084          0.446764         0.0074949
                46          0.522584          0.448412        0.00751318
                47          0.354372          0.446411        0.00761901
                48          0.467652          0.446854        0.00747171
                49           0.46708          0.447267        0.00732927
                50           0.42244           0.44677        0.00719833
