                 1         -0.611504         -0.611504                 0
                 2          -0.61292         -0.612212          0.000708
                 3         -0.612464         -0.612296       0.000417306
                 4         -0.612336         -0.612306       0.000295249
                 5         -0.616488         -0.613142       0.000867103
                 6          -0.61564         -0.613559       0.000821294
                 7         -0.615096         -0.613778       0.000728035
                 8         -0.612424         -0.613609       0.000652828
                 9         -0.609784         -0.613184       0.000715613
                10         -0.612088         -0.613074       0.000649379
                11         -0.616584         -0.613393       0.000668444
                12         -0.614672           -0.6135       0.000619435
                13           -0.6156         -0.613662       0.000592253
                14           -0.6136         -0.613657       0.000548337
                15         -0.610224         -0.613428       0.000559436
                16         -0.614272         -0.613481       0.000525955
                17          -0.61352         -0.613483       0.000494054
                18         -0.615168         -0.613577       0.000475108
                19          -0.61472         -0.613637       0.000453417
                20         -0.614856         -0.613698       0.000434445
                21         -0.613328          -0.61368       0.000413615
                22         -0.616096          -0.61379       0.000409367
                23          -0.61168         -0.613698       0.000401779
                24         -0.611032         -0.613587       0.000400397
                25          -0.61528         -0.613655        0.00038997
                26         -0.615528         -0.613727       0.000381533
                27          -0.61248         -0.613681       0.000370025
                28         -0.612608         -0.613643       0.000358618
                29         -0.613736         -0.613646       0.000346046
                30         -0.613848         -0.613653        0.00033438
                31         -0.613704         -0.613654       0.000323418
                32         -0.614968         -0.613695       0.000315828
                33         -0.616408         -0.613777       0.000316954
                34         -0.613456         -0.613768       0.000307635
                35         -0.614928         -0.613801        0.00030055
                36          -0.60892         -0.613666       0.000322018
                37         -0.615328          -0.61371         0.0003164
                38         -0.614248         -0.613725       0.000308286
                39          -0.61452         -0.613745       0.000300969
                40         -0.610448         -0.613663       0.000304709
                41         -0.615168         -0.613699       0.000299443
                42         -0.611728         -0.613652       0.000295972
                43         -0.614536         -0.613673       0.000289737
                44         -0.612832         -0.613654        0.00028372
                45         -0.611656         -0.613609       0.000280874
                46         -0.613416         -0.613605       0.000274732
                47         -0.614424         -0.613623       0.000269387
                48         -0.612936         -0.613608       0.000264103
                49         -0.613072         -0.613597       0.000258889
                50         -0.613792         -0.613601       0.000253688
