                 1           1.31019           1.31019                 0
                 2           1.41792           1.36405          0.053864
                 3           1.38259           1.37023         0.0317062
                 4           1.33531            1.3615         0.0240593
                 5           1.43572           1.37634         0.0238254
                 6           1.33751           1.36987         0.0205017
                 7           1.27853           1.35682         0.0216909
                 8           1.38091           1.35983         0.0190246
                 9           1.36546           1.36046         0.0167898
                10           1.32991           1.35741         0.0153248
                11           1.35051           1.35678          0.013876
                12           1.31711           1.35347         0.0130912
                13           1.30206           1.34952         0.0126748
                14           1.38772           1.35225         0.0120477
                15           1.43091           1.35749         0.0123814
                16           1.37995           1.35889         0.0116664
                17           1.27835           1.35416         0.0119391
                18           1.42445           1.35806         0.0119145
                19           1.39713           1.36012          0.011456
                20           1.35356           1.35979         0.0108731
                21           1.35336           1.35948         0.0103469
                22           1.41566           1.36204         0.0101905
                23           1.44914           1.36583         0.0104479
                24           1.33256           1.36444         0.0100986
                25            1.3805           1.36508        0.00970753
                26           1.33693             1.364        0.00938934
                27           1.36666            1.3641        0.00903543
                28           1.37973           1.36466        0.00872465
                29           1.35688           1.36439         0.0084227
                30            1.4248            1.3664        0.00838258
                31            1.3542           1.36601        0.00811721
                32           1.33601           1.36507        0.00791517
                33           1.37162           1.36527        0.00767413
                34           1.34964           1.36481        0.00745918
                35           1.37678           1.36515        0.00725099
                36           1.34792           1.36467        0.00706293
                37            1.2873           1.36258        0.00718059
                38           1.40558           1.36371        0.00708007
                39           1.42593           1.36531        0.00707825
                40           1.36745           1.36536        0.00689923
                41           1.39529           1.36609        0.00676834
                42           1.42674           1.36754         0.0067612
                43           1.30784           1.36615        0.00674645
                44           1.39997           1.36692        0.00663601
                45           1.27374           1.36485        0.00680934
                46           1.33319           1.36416        0.00669512
                47           1.36972           1.36428        0.00655219
                48           1.41071           1.36524        0.00648677
                49           1.41702            1.3663        0.00644028
                50           1.46367           1.36825        0.00660384
