                 1         -0.801712         -0.801712                 0
                 2          -0.80884         -0.805276          0.003564
                 3         -0.807704         -0.806085        0.00221112
                 4         -0.804688         -0.805736        0.00160205
                 5          -0.80556         -0.805701        0.00124144
                 6         -0.800128         -0.804772        0.00137482
                 7         -0.804632         -0.804752         0.0011621
                 8         -0.805984         -0.804906        0.00101813
                 9           -0.7976         -0.804094        0.00121046
                10         -0.803888         -0.804074        0.00108286
                11         -0.800744         -0.803771        0.00102519
                12         -0.809296         -0.804231        0.00104299
                13         -0.807912         -0.804514        0.00100032
                14         -0.806976          -0.80469       0.000942659
                15           -0.8014         -0.804471       0.000904566
                16         -0.800392         -0.804216       0.000883715
                17         -0.802288         -0.804103       0.000837817
                18         -0.803328          -0.80406       0.000791073
                19         -0.805808         -0.804152       0.000753917
                20         -0.802168         -0.804052       0.000722072
                21         -0.805496         -0.804121       0.000690259
                22         -0.801576         -0.804005       0.000668227
                23         -0.806432         -0.804111        0.00064717
                24         -0.799184         -0.803906       0.000652741
                25         -0.804152         -0.803916       0.000626165
                26         -0.805832         -0.803989       0.000606099
                27         -0.803592         -0.803975       0.000583404
                28         -0.804224         -0.803983       0.000562253
                29          -0.80748         -0.804104       0.000555755
                30         -0.800384          -0.80398       0.000551043
                31         -0.811104          -0.80421       0.000580405
                32          -0.80696         -0.804296       0.000568508
                33         -0.802168         -0.804231       0.000554771
                34          -0.80892         -0.804369       0.000555594
                35         -0.805216         -0.804393       0.000540028
                36         -0.802736         -0.804347       0.000526829
                37         -0.802656         -0.804302       0.000514427
                38         -0.800616         -0.804205       0.000510014
                39         -0.807512         -0.804289       0.000503951
                40           -0.8028         -0.804252         0.0004926
                41         -0.807272         -0.804326       0.000486048
                42         -0.804752         -0.804336       0.000474443
                43         -0.806768         -0.804393       0.000466718
                44         -0.805032         -0.804407       0.000456219
                45         -0.804776         -0.804415       0.000446041
                46         -0.805488         -0.804439       0.000436859
                47         -0.805584         -0.804463       0.000428157
                48         -0.805112         -0.804476       0.000419361
                49         -0.801816         -0.804422       0.000414286
                50         -0.802896         -0.804392       0.000407062
