                 1          0.039644          0.039644                 0
                 2           0.03316          0.036402          0.003242
                 3          0.024764         0.0325227        0.00430729
                 4          0.029836          0.031851         0.0031189
                 5          0.031128         0.0317064        0.00242021
                 6          0.023268            0.0303        0.00242547
                 7          0.021256          0.029008        0.00242308
                 8             0.028          0.028882        0.00210223
                 9          0.030984         0.0291156        0.00186865
                10          0.016192         0.0278232        0.00211274
                11          0.023328         0.0274145        0.00195425
                12          0.019896          0.026788         0.0018908
                13          0.024092         0.0265806         0.0017516
                14          0.010464         0.0254294        0.00198873
                15          0.037304         0.0262211        0.00201355
                16          0.024304         0.0261012        0.00188731
                17          0.031624         0.0264261        0.00180234
                18          0.025684         0.0263849        0.00169976
                19          0.030064         0.0265785        0.00161944
                20          0.020412         0.0262702        0.00156696
                21          0.012908         0.0256339        0.00162062
                22          0.022668         0.0254991        0.00155107
                23          0.034608         0.0258951         0.0015341
                24          0.032956         0.0261893        0.00149796
                25          0.032844         0.0264555        0.00146125
                26          0.027788         0.0265068        0.00140485
                27          0.023732          0.026404        0.00135572
                28          0.024916         0.0263509        0.00130749
                29           0.02652         0.0263567        0.00126161
                30          0.026132         0.0263492        0.00121885
                31          0.015792         0.0260086        0.00122708
                32          0.026608         0.0260274        0.00118827
                33          0.030492         0.0261627        0.00115962
                34           0.03908         0.0265426        0.00118741
                35           0.02184         0.0264082        0.00116079
                36          0.023316         0.0263223        0.00113135
                37          0.017916         0.0260951        0.00112356
                38           0.02044         0.0259463        0.00110367
                39          0.018624         0.0257586        0.00109127
                40          0.033764         0.0259587        0.00108231
                41          0.025372         0.0259444        0.00105568
                42          0.037676         0.0262237        0.00106743
                43          0.021312         0.0261095        0.00104855
                44          0.029828          0.026194        0.00102792
                45          0.017428         0.0259992        0.00102353
                46          0.027848         0.0260394        0.00100184
                47          0.018608         0.0258813       0.000992958
                48          0.032664         0.0260226       0.000982269
                49           0.03542         0.0262144       0.000980944
                50          0.032016         0.0263304       0.000968104
                 1          0.039644          0.039644                 0
                 2           0.03316          0.036402          0.003242
                 3          0.024764         0.0325227        0.00430729
                 4          0.029836          0.031851         0.0031189
                 5          0.031128         0.0317064        0.00242021
                 6          0.023268            0.0303        0.00242547
                 7          0.021256          0.029008        0.00242308
                 8             0.028          0.028882        0.00210223
                 9          0.030984         0.0291156        0.00186865
                10          0.016192         0.0278232        0.00211274
                11          0.023328         0.0274145        0.00195425
                12          0.019896          0.026788         0.0018908
                13          0.024092         0.0265806         0.0017516
                14          0.010464         0.0254294        0.00198873
                15          0.037304         0.0262211        0.00201355
                16          0.024304         0.0261012        0.00188731
                17          0.031624         0.0264261        0.00180234
                18          0.025684         0.0263849        0.00169976
                19          0.030064         0.0265785        0.00161944
                20          0.020412         0.0262702        0.00156696
                21          0.012908         0.0256339        0.00162062
                22          0.022668         0.0254991        0.00155107
                23          0.034608         0.0258951         0.0015341
                24          0.032956         0.0261893        0.00149796
                25          0.032844         0.0264555        0.00146125
                26          0.027788         0.0265068        0.00140485
                27          0.023732          0.026404        0.00135572
                28          0.024916         0.0263509        0.00130749
                29           0.02652         0.0263567        0.00126161
                30          0.026132         0.0263492        0.00121885
                31          0.015792         0.0260086        0.00122708
                32          0.026608         0.0260274        0.00118827
                33          0.030492         0.0261627        0.00115962
                34           0.03908         0.0265426        0.00118741
                35           0.02184         0.0264082        0.00116079
                36          0.023316         0.0263223        0.00113135
                37          0.017916         0.0260951        0.00112356
                38           0.02044         0.0259463        0.00110367
                39          0.018624         0.0257586        0.00109127
                40          0.033764         0.0259587        0.00108231
                41          0.025372         0.0259444        0.00105568
                42          0.037676         0.0262237        0.00106743
                43          0.021312         0.0261095        0.00104855
                44          0.029828          0.026194        0.00102792
                45          0.017428         0.0259992        0.00102353
                46          0.027848         0.0260394        0.00100184
                47          0.018608         0.0258813       0.000992958
                48          0.032664         0.0260226       0.000982269
                49           0.03542         0.0262144       0.000980944
                50          0.032016         0.0263304       0.000968104
