                 1         -0.556032         -0.556032                 0
                 2         -0.556256         -0.556144          0.000112
                 3         -0.554728         -0.555672       0.000476409
                 4         -0.553792         -0.555202       0.000578258
                 5          -0.55756         -0.555674       0.000650412
                 6         -0.553176         -0.555257       0.000674761
                 7         -0.553552         -0.555014       0.000620134
                 8         -0.556144         -0.555155       0.000555325
                 9         -0.554872         -0.555124       0.000490759
                10         -0.548752         -0.554486        0.00077372
                11           -0.5562         -0.554642       0.000716984
                12         -0.556208         -0.554773       0.000667394
                13         -0.560176         -0.555188       0.000741382
                14         -0.552616         -0.555005       0.000710553
                15         -0.556344         -0.555094       0.000667488
                16          -0.55444         -0.555053       0.000625714
                17          -0.55328         -0.554949       0.000596938
                18         -0.555328          -0.55497       0.000563193
                19         -0.555808         -0.555014        0.00053455
                20         -0.556192         -0.555073       0.000510529
                21           -0.5576         -0.555193       0.000500299
                22         -0.555248         -0.555196       0.000477023
                23         -0.551608          -0.55504       0.000481762
                24         -0.555312         -0.555051       0.000461392
                25         -0.556496         -0.555109        0.00044631
                26         -0.552976         -0.555027       0.000436577
                27         -0.557552          -0.55512       0.000430381
                28         -0.551672         -0.554997       0.000432625
                29         -0.553936         -0.554961       0.000419041
                30         -0.553456          -0.55491       0.000407927
                31         -0.554904          -0.55491       0.000394548
                32         -0.556528         -0.554961       0.000385351
                33         -0.551808         -0.554865       0.000385516
                34          -0.55416         -0.554844       0.000374581
                35         -0.559408         -0.554975       0.000386385
                36          -0.55252         -0.554907        0.00038164
                37         -0.549568         -0.554762       0.000398241
                38          -0.55584         -0.554791       0.000388655
                39           -0.5554         -0.554806        0.00037888
                40         -0.552224         -0.554742       0.000374888
                41          -0.55316         -0.554703        0.00036766
                42         -0.554984          -0.55471       0.000358861
                43         -0.552632         -0.554662       0.000353733
                44         -0.556832         -0.554711       0.000349102
                45          -0.55468          -0.55471       0.000341257
                46         -0.552464         -0.554661       0.000337309
                47         -0.554648         -0.554661       0.000330054
                48         -0.555008         -0.554668       0.000323186
                49         -0.557384         -0.554724       0.000321337
                50         -0.557296         -0.554775        0.00031902
