                 1         -0.553824         -0.553824                 0
                 2         -0.553624         -0.553724            0.0001
                 3         -0.556624         -0.554691       0.000968389
                 4            -0.551         -0.553768          0.001149
                 5         -0.556408         -0.554296        0.00103485
                 6         -0.556096         -0.554596       0.000896625
                 7         -0.555264         -0.554691       0.000763772
                 8          -0.55792         -0.555095       0.000774842
                 9         -0.550336         -0.554566       0.000864042
                10         -0.554576         -0.554567       0.000772823
                11         -0.556056         -0.554703       0.000712027
                12         -0.557136         -0.554905       0.000680888
                13          -0.55556         -0.554956       0.000628347
                14          -0.55472         -0.554939        0.00058198
                15          -0.55456         -0.554914       0.000542382
                16         -0.555088         -0.554924       0.000507469
                17         -0.554624         -0.554907       0.000477012
                18          -0.55396         -0.554854       0.000452797
                19         -0.553368         -0.554776       0.000435387
                20         -0.553912         -0.554733       0.000415298
                21         -0.553472         -0.554673       0.000399563
                22          -0.55212         -0.554557       0.000398247
                23         -0.553016          -0.55449        0.00038639
                24         -0.549824         -0.554295       0.000417911
                25          -0.55664         -0.554389       0.000411671
                26         -0.556448         -0.554468        0.00040337
                27         -0.555624         -0.554511       0.000390496
                28          -0.55256         -0.554441       0.000382689
                29         -0.550736         -0.554314       0.000390739
                30         -0.554112         -0.554307        0.00037755
                31         -0.554416          -0.55431       0.000365184
                32         -0.555248          -0.55434         0.0003548
                33         -0.556968         -0.554419       0.000352983
                34         -0.551472         -0.554333       0.000353246
                35         -0.555128         -0.554355       0.000343756
                36         -0.552504         -0.554304       0.000338007
                37          -0.55336         -0.554278       0.000329733
                38         -0.552736         -0.554238       0.000323495
                39         -0.555376         -0.554267        0.00031644
                40         -0.550696         -0.554178       0.000321088
                41         -0.555224         -0.554203       0.000314197
                42         -0.554824         -0.554218       0.000306981
                43          -0.55364         -0.554205       0.000300058
                44         -0.557928         -0.554289       0.000305128
                45         -0.553096         -0.554263       0.000299447
                46         -0.558184         -0.554348       0.000305019
                47         -0.554512         -0.554351       0.000298479
                48         -0.554864         -0.554362       0.000292389
                49         -0.552512         -0.554324       0.000288839
                50         -0.554168         -0.554321        0.00028302
