                 1          0.035224          0.035224                 0
                 2          0.040956           0.03809          0.002866
                 3          0.030376         0.0355187        0.00305773
                 4          0.037044            0.0359        0.00219551
                 5          0.027656         0.0342512        0.00236869
                 6          0.034532          0.034298         0.0019346
                 7          0.036952         0.0346771        0.00167842
                 8          0.038504         0.0351555        0.00153024
                 9          0.032068         0.0348124        0.00139247
                10          0.036712         0.0350024        0.00125986
                11          0.023872         0.0339905        0.00152398
                12           0.03818         0.0343397        0.00143433
                13          0.037964         0.0346185        0.00134853
                14          0.022656          0.033764        0.00151289
                15          0.038576         0.0340848         0.0014445
                16           0.04024         0.0344695         0.0014049
                17          0.029332         0.0341673        0.00135384
                18          0.033336         0.0341211        0.00127724
                19          0.036712         0.0342575        0.00121582
                20          0.031568          0.034123        0.00116124
                21          0.031092         0.0339787        0.00111395
                22           0.02958         0.0337787        0.00108077
                23          0.038036         0.0339638        0.00104917
                24          0.036952         0.0340883        0.00101219
                25           0.03072         0.0339536        0.00098016
                26          0.045892         0.0344128        0.00104769
                27           0.03538         0.0344486        0.00100877
                28           0.03796          0.034574       0.000980135
                29          0.044088         0.0349021        0.00100102
                30          0.026316         0.0346159        0.00100854
                31           0.04634         0.0349941        0.00104621
                32          0.026272         0.0347215        0.00104902
                33           0.02762         0.0345063        0.00103926
                34           0.03432         0.0345008        0.00100824
                35          0.040624         0.0346758       0.000994522
                36          0.025908         0.0344322       0.000996715
                37           0.03216         0.0343708       0.000971346
                38          0.038388         0.0344765       0.000951331
                39          0.034108         0.0344671       0.000926665
                40          0.022792         0.0341752       0.000949192
                41          0.040292         0.0343244       0.000937695
                42          0.040064          0.034461       0.000925245
                43          0.030628         0.0343719       0.000907858
                44          0.034956         0.0343852       0.000887084
                45          0.036372         0.0344293       0.000868271
                46          0.041936         0.0345925       0.000864723
                47          0.035152         0.0346044       0.000846209
                48          0.035312         0.0346192       0.000828523
                49          0.040296          0.034735       0.000819667
                50          0.018524         0.0344108       0.000866082
