                 1         -0.683328         -0.683328                 0
                 2          -0.68432         -0.683824          0.000496
                 3         -0.683992          -0.68388        0.00029179
                 4         -0.681544         -0.683296       0.000619376
                 5         -0.683488         -0.683334       0.000481301
                 6         -0.684936         -0.683601       0.000475065
                 7         -0.683232         -0.683549       0.000404955
                 8          -0.68588          -0.68384       0.000455985
                 9         -0.683328         -0.683783       0.000406145
                10          -0.67824         -0.683229        0.00066274
                11         -0.682632         -0.683175       0.000601921
                12         -0.684272         -0.683266       0.000557035
                13         -0.686576         -0.683521       0.000572171
                14         -0.681896         -0.683405       0.000542289
                15         -0.684088          -0.68345       0.000506896
                16         -0.685368          -0.68357       0.000489074
                17         -0.682824         -0.683526       0.000461496
                18         -0.677016         -0.683164       0.000565793
                19         -0.683424         -0.683178       0.000535361
                20         -0.681864         -0.683112       0.000512121
                21         -0.681592          -0.68304       0.000492475
                22         -0.684896         -0.683124       0.000477075
                23         -0.681896         -0.683071       0.000458978
                24         -0.683128         -0.683073       0.000439445
                25         -0.685944         -0.683188       0.000436862
                26          -0.67916         -0.683033       0.000447404
                27         -0.683824         -0.683063        0.00043151
                28         -0.681944         -0.683023       0.000417728
                29         -0.680888         -0.682949       0.000409732
                30         -0.682336         -0.682929       0.000396365
                31         -0.684064         -0.682965       0.000385112
                32         -0.680616         -0.682892       0.000380041
                33         -0.680264         -0.682812       0.000376853
                34         -0.682536         -0.682804       0.000365692
                35         -0.683624         -0.682827       0.000355862
                36         -0.677968         -0.682692       0.000371245
                37         -0.680256         -0.682627       0.000367027
                38         -0.679064         -0.682533       0.000369336
                39         -0.683736         -0.682564       0.000361061
                40         -0.681904         -0.682547       0.000352305
                41         -0.680576         -0.682499       0.000346952
                42         -0.681888         -0.682485       0.000338903
                43         -0.682864         -0.682493       0.000331045
                44         -0.685528         -0.682562       0.000330706
                45         -0.682088         -0.682552       0.000323445
                46         -0.681136         -0.682521       0.000317829
                47         -0.681776         -0.682505       0.000311397
                48         -0.682312         -0.682501       0.000304867
                49          -0.68292          -0.68251       0.000298703
                50         -0.683656         -0.682533       0.000293565
