                 1            0.3664            0.3664                 0
                 2          0.446635          0.406517         0.0401174
                 3          0.443395           0.41881         0.0262217
                 4          0.452519          0.427237         0.0203668
                 5          0.405105          0.422811         0.0163853
                 6          0.450245          0.427383         0.0141384
                 7          0.470832           0.43359          0.013465
                 8          0.449061          0.435524         0.0118203
                 9          0.426817          0.434557         0.0104694
                10          0.461022          0.437203        0.00973089
                11          0.440002          0.437458         0.0088056
                12          0.438177          0.437517         0.0080386
                13           0.44682          0.438233        0.00742898
                14          0.446805          0.438845         0.0069051
                15            0.4195          0.437556        0.00655639
                16          0.423384           0.43667        0.00619657
                17          0.448548          0.437369        0.00586245
                18          0.426995          0.436792        0.00555714
                19          0.412233            0.4355        0.00541312
                20          0.422877          0.434869        0.00517398
                21          0.446791          0.435436        0.00495407
                22          0.424389          0.434934        0.00475014
                23          0.438555          0.435092        0.00454165
                24          0.428058          0.434799        0.00435816
                25          0.424279          0.434378        0.00420132
                26          0.412693          0.433544        0.00412177
                27          0.410735          0.432699        0.00405514
                28          0.411317          0.431935        0.00398155
                29          0.426694          0.431755        0.00384605
                30          0.435349          0.431874        0.00371757
                31          0.422443           0.43157         0.0036085
                32          0.429393          0.431502        0.00349458
                33          0.429573          0.431444        0.00338753
                34          0.428239          0.431349        0.00328774
                35          0.445362           0.43175        0.00321743
                36          0.407521          0.431077        0.00319839
                37          0.432802          0.431123        0.00311109
                38          0.442891          0.431433        0.00304391
                39          0.468195          0.432376        0.00311107
                40          0.419586          0.432056        0.00304911
                41          0.421026          0.431787        0.00298595
                42          0.438648           0.43195        0.00291857
                43          0.424359          0.431774        0.00285535
                44          0.442915          0.432027        0.00280117
                45          0.422545          0.431816        0.00274631
                46          0.395159          0.431019        0.00280166
                47          0.463168          0.431703        0.00282545
                48          0.426833          0.431602        0.00276782
                49          0.414679          0.431256        0.00273266
                50          0.490465          0.432441        0.00292762
