                 1          0.054408          0.054408                 0
                 2          0.080668          0.067538           0.01313
                 3          0.100672         0.0785827         0.0133959
                 4          0.090648          0.081599          0.009941
                 5            0.0883         0.0829392        0.00781602
                 6           0.07932          0.082336         0.0064102
                 7          0.094092         0.0840154        0.00567194
                 8          0.084852           0.08412        0.00491316
                 9          0.061808         0.0816409        0.00499208
                10           0.09098         0.0825748        0.00456168
                11           0.10328         0.0844571        0.00453525
                12          0.089644         0.0848893         0.0041626
                13           0.08886         0.0851948         0.0038412
                14           0.09298         0.0857509        0.00359947
                15          0.088292         0.0859203        0.00335521
                16          0.086388         0.0859495        0.00313864
                17           0.06934         0.0849725        0.00310592
                18          0.116028         0.0866978        0.00339876
                19           0.10274         0.0875421        0.00332393
                20          0.074944         0.0869122        0.00321565
                21          0.100432          0.087556        0.00312571
                22           0.06282         0.0864316        0.00318529
                23          0.099208         0.0869871        0.00309393
                24          0.099456         0.0875067        0.00300743
                25           0.09162         0.0876712        0.00288931
                26          0.078424         0.0873155        0.00279865
                27            0.1017         0.0878483         0.0027452
                28          0.089332         0.0879013        0.00264587
                29          0.084656         0.0877894        0.00255545
                30          0.090136         0.0878676        0.00247004
                31          0.105496         0.0884363        0.00245578
                32           0.08188         0.0882314        0.00238661
                33          0.080016         0.0879824        0.00232652
                34          0.087844         0.0879784        0.00225705
                35           0.09464         0.0881687        0.00219987
                36          0.078676          0.087905        0.00215409
                37          0.101592         0.0882749        0.00212747
                38          0.075268         0.0879326        0.00209882
                39          0.089696         0.0879778         0.0020448
                40          0.095264           0.08816        0.00200133
                41          0.092992         0.0882779        0.00195546
                42           0.09708         0.0884874        0.00191981
                43          0.088184         0.0884804        0.00187464
                44          0.095896         0.0886489        0.00183928
                45          0.086904         0.0886101        0.00179836
                46          0.056988         0.0879227         0.0018884
                47            0.0926         0.0880222        0.00185046
                48           0.09602         0.0881888        0.00181915
                49          0.083608         0.0880953        0.00178409
                50           0.08546         0.0880426        0.00174884
