                 1           9.74496           9.74496                 0
                 2           9.91401           9.82948         0.0845244
                 3           9.51082           9.72326          0.116896
                 4           10.9244           10.0236           0.31146
                 5           10.5136           10.1216          0.260404
                 6           10.7045           10.2187          0.233765
                 7           10.5233           10.2622          0.202303
                 8           11.2833           10.3899          0.216763
                 9           10.7194           10.4265          0.194642
                10           11.3021           10.5141          0.194873
                11           10.9494           10.5536          0.180658
                12           9.34784           10.4531          0.193117
                13           9.70613           10.3957          0.186705
                14           10.0505            10.371          0.174604
                15           9.18884           10.2922          0.180646
                16           9.88161           10.2666          0.170917
                17           10.3875           10.2737          0.160706
                18           9.21901           10.2151          0.162449
                19           10.1976           10.2142          0.153664
                20           10.4636           10.2266          0.146311
                21           10.8291           10.2553          0.142096
                22           10.1652           10.2512          0.135545
                23           10.4727           10.2609          0.129875
                24           10.0535           10.2522          0.124646
                25           10.8511           10.2762          0.121933
                26             10.41           10.2813          0.117263
                27           10.1035           10.2747          0.113028
                28           9.82514           10.2587          0.110094
                29            9.3555           10.2275          0.110701
                30           10.2176           10.2272          0.106948
                31           10.0896           10.2228          0.103535
                32           10.4842           10.2309           0.10058
                33           10.1787           10.2293         0.0974974
                34           10.2375           10.2296         0.0945867
                35           9.82377            10.218         0.0925735
                36           10.1575           10.2163         0.0899809
                37           10.2024           10.2159          0.087516
                38            10.341           10.2192         0.0852453
                39           9.92516           10.2117         0.0833725
                40            9.6155           10.1968          0.082617
                41           10.3181           10.1997         0.0806311
                42           11.6305           10.2338         0.0857453
                43           9.81172            10.224         0.0843009
                44           10.2644           10.2249         0.0823678
                45           9.67779           10.2128         0.0814294
                46           10.8061           10.2257         0.0806773
                47            10.023           10.2213         0.0790597
                48           10.5129           10.2274         0.0776332
                49           10.5512            10.234         0.0763189
                50           9.45897           10.2185         0.0763667
