                 1           1.66333           1.66333                 0
                 2           1.67542           1.66937        0.00604444
                 3           1.62227           1.65367         0.0160839
                 4           1.71084           1.66797         0.0182657
                 5           1.66058           1.66649         0.0142255
                 6           1.65732           1.66496         0.0117152
                 7            1.6755           1.66646          0.010015
                 8            1.7369           1.67527         0.0123587
                 9           1.73411           1.68181         0.0127099
                10           1.74589           1.68822         0.0130498
                11           1.73106           1.69211         0.0124301
                12           1.65318           1.68887         0.0118017
                13           1.72131           1.69136         0.0111391
                14           1.74615           1.69528         0.0110304
                15           1.68009           1.69426         0.0103185
                16           1.67434           1.69302        0.00973203
                17            1.6637           1.69129        0.00930293
                18           1.62715           1.68773        0.00946723
                19           1.69691           1.68821        0.00896813
                20            1.7192           1.68976        0.00864784
                21            1.6593           1.68831        0.00835268
                22           1.70425           1.68904        0.00799684
                23           1.73501           1.69103         0.0078984
                24           1.61494           1.68786        0.00819997
                25           1.70515           1.68856        0.00789547
                26            1.6981           1.68892         0.0075946
                27           1.69063           1.68899        0.00730818
                28           1.73788           1.69073        0.00725564
                29           1.70992           1.69139        0.00703216
                30           1.68104           1.69105        0.00680248
                31           1.68027            1.6907        0.00658857
                32           1.75115           1.69259        0.00665314
                33           1.65842           1.69155        0.00653097
                34           1.72993           1.69268        0.00643571
                35            1.7226           1.69354        0.00630734
                36            1.6629           1.69269        0.00618844
                37           1.74801           1.69418        0.00620182
                38           1.70135           1.69437        0.00603936
                39           1.67984             1.694        0.00589425
                40           1.67403            1.6935        0.00576666
                41           1.67493           1.69305        0.00564246
                42           1.78708           1.69528        0.00594428
                43           1.76316           1.69686         0.0060152
                44           1.76642           1.69844        0.00608582
                45           1.70429           1.69857        0.00595046
                46            1.6565           1.69766        0.00589111
                47           1.73497           1.69845        0.00581882
                48           1.66224            1.6977        0.00574605
                49           1.67921           1.69732        0.00564019
                50           1.67286           1.69683        0.00554785
