                 1          0.380862          0.380862                 0
                 2           0.25097          0.315916         0.0649458
                 3          0.332765          0.321532         0.0379148
                 4          0.260084           0.30617         0.0308992
                 5          0.435904          0.332117            0.0353
                 6          0.302732           0.32722         0.0292354
                 7           0.41646          0.339968         0.0278035
                 8          0.287954          0.333466         0.0249409
                 9          0.329792          0.333058         0.0219996
                10          0.278186          0.327571         0.0204278
                11          0.328672          0.327671         0.0184779
                12          0.322939          0.327277         0.0168725
                13          0.216146          0.318728          0.017719
                14          0.324435          0.319136         0.0164097
                15          0.341092            0.3206         0.0153465
                16          0.340978          0.321873         0.0144117
                17          0.287553          0.319854         0.0136872
                18          0.398686          0.324234         0.0136273
                19          0.267929           0.32127         0.0132264
                20          0.314214          0.320918         0.0125526
                21          0.323576          0.321044         0.0119406
                22          0.307558          0.320431         0.0114014
                23          0.334089          0.321025         0.0109106
                24          0.413165          0.324864         0.0111292
                25          0.281786          0.323141          0.010813
                26          0.333536          0.323541         0.0103965
                27           0.32238          0.323498         0.0100041
                28           0.41653           0.32682         0.0101967
                29          0.384844          0.328821         0.0100402
                30            0.3094          0.328174        0.00972132
                31          0.392358          0.330244        0.00962777
                32          0.394293          0.332246         0.0095345
                33          0.313894           0.33169        0.00925778
                34          0.301574          0.330804        0.00902493
                35          0.244622          0.328342        0.00910265
                36          0.384487          0.329901        0.00898262
                37          0.287371          0.328752        0.00881176
                38          0.327731          0.328725        0.00857678
                39          0.318758          0.328469        0.00835788
                40          0.297931          0.327706        0.00818195
                41           0.22421          0.325182        0.00836964
                42          0.316057          0.324964        0.00817082
                43          0.319408          0.324835        0.00797958
                44          0.249762          0.323129        0.00798064
                45           0.26318          0.321797        0.00791421
                46          0.339353          0.322178        0.00774965
                47          0.316056          0.322048        0.00758409
                48          0.391491          0.323495        0.00756405
                49          0.288894          0.322789        0.00744165
                50          0.277504          0.321883        0.00734734
