                 1         -0.504792         -0.504792                 0
                 2         -0.504536         -0.504664          0.000128
                 3         -0.505536         -0.504955       0.000299914
                 4         -0.503784         -0.504662       0.000361425
                 5          -0.50592         -0.504914       0.000376403
                 6         -0.503224         -0.504632       0.000416835
                 7         -0.504056          -0.50455       0.000361772
                 8         -0.505584         -0.504679       0.000338931
                 9         -0.503904         -0.504593       0.000311065
                10         -0.501408         -0.504274         0.0004229
                11         -0.504888          -0.50433       0.000386573
                12         -0.505912         -0.504462       0.000376707
                13         -0.507512         -0.504697       0.000418474
                14         -0.503032         -0.504578       0.000405267
                15         -0.504872         -0.504597       0.000377792
                16         -0.503496         -0.504529       0.000360034
                17         -0.504304         -0.504515        0.00033845
                18         -0.505112         -0.504548       0.000320812
                19         -0.504992         -0.504572       0.000304354
                20         -0.505928          -0.50464       0.000296591
                21         -0.505032         -0.504658       0.000282733
                22         -0.505712         -0.504706       0.000273797
                23         -0.500472         -0.504522       0.000319902
                24         -0.504176         -0.504508       0.000306622
                25         -0.507152         -0.504613       0.000312544
                26         -0.502992         -0.504551        0.00030669
                27         -0.506032         -0.504606       0.000300166
                28         -0.503736         -0.504575       0.000290911
                29         -0.502312         -0.504497       0.000291344
                30         -0.503008         -0.504447       0.000285807
                31          -0.50688         -0.504526       0.000287357
                32         -0.506288         -0.504581       0.000283631
                33          -0.50252         -0.504518       0.000281905
                34         -0.505584          -0.50455       0.000275278
                35         -0.507608         -0.504637       0.000281218
                36         -0.502272         -0.504571        0.00028108
                37         -0.499856         -0.504444       0.000301623
                38         -0.507584         -0.504527       0.000304986
                39         -0.505136         -0.504542       0.000297474
                40         -0.503288         -0.504511       0.000291632
                41          -0.50412         -0.504501        0.00028459
                42         -0.505544         -0.504526       0.000278839
                43         -0.502112          -0.50447       0.000278005
                44         -0.505312         -0.504489       0.000272286
                45          -0.50604         -0.504524       0.000268389
                46         -0.504208         -0.504517       0.000262579
                47         -0.504128         -0.504508       0.000257065
                48         -0.506432         -0.504549       0.000254823
                49         -0.507232         -0.504603       0.000255507
                50         -0.504496         -0.504601       0.000250354
