                 1           22.3407           22.3407                 0
                 2           25.1131           23.7269           1.38622
                 3           22.7972            23.417          0.858247
                 4           25.1012            23.838          0.738628
                 5           19.4816           22.9667           1.04235
                 6           31.0657           24.3166           1.59573
                 7            29.814           25.1019           1.56064
                 8           24.9542           25.0835           1.35168
                 9           24.2509           24.9909           1.19565
                10           26.9524           25.1871           1.08727
                11           24.8501           25.1565          0.983946
                12           25.8735           25.2162          0.900201
                13           25.2718           25.2205          0.828076
                14           23.5533           25.1014          0.775843
                15           21.8027           24.8815          0.755008
                16           24.9005           24.8827          0.706246
                17           26.8055           24.9958          0.672976
                18           24.9921           24.9956          0.634488
                19           27.0193           25.1021          0.609544
                20           24.7537           25.0847          0.578527
                21           24.0254           25.0342          0.552596
                22           24.3573           25.0035          0.527777
                23            27.803           25.1252          0.518789
                24           28.0627           25.2476          0.511561
                25           25.1787           25.2448           0.49068
                26           25.6651            25.261          0.471707
                27           25.6157           25.2741          0.454091
                28           22.2022           25.1644          0.451117
                29           24.7017           25.1485          0.435575
                30           23.9482           25.1085          0.422703
                31           24.3624           25.0844          0.409548
                32           24.7598           25.0742          0.396673
                33           23.9727           25.0409          0.385911
                34           24.5601           25.0267          0.374656
                35           27.1232           25.0866          0.368692
                36            25.405           25.0955          0.358413
                37            26.425           25.1314          0.350439
                38           25.2774           25.1352          0.341114
                39           25.4039           25.1421          0.332324
                40           23.7101           25.1063          0.325882
                41           23.9911           25.0791          0.318996
                42           25.0191           25.0777          0.311311
                43           23.4833           25.0406          0.306238
                44           24.3339           25.0246          0.299628
                45           25.6351           25.0381          0.293208
                46           23.7314           25.0097          0.288167
                47           26.3603           25.0385          0.283429
                48           25.0452           25.0386          0.277462
                49           21.9782           24.9761          0.278826
                50           25.0309           24.9772          0.273194
