                 1          -0.61524          -0.61524                 0
                 2         -0.615272         -0.615256           1.6e-05
                 3         -0.614008          -0.61484       0.000416103
                 4           -0.6122          -0.61418       0.000722614
                 5          -0.61484         -0.614312       0.000575088
                 6         -0.613096         -0.614109       0.000511427
                 7          -0.61388         -0.614077       0.000433475
                 8         -0.614464         -0.614125       0.000378511
                 9         -0.613288         -0.614032       0.000346528
                10         -0.605832         -0.613212       0.000876622
                11         -0.614472         -0.613327       0.000801165
                12          -0.61436         -0.613413       0.000736413
                13         -0.615824         -0.613598       0.000702338
                14         -0.612544         -0.613523       0.000654584
                15         -0.615112         -0.613629       0.000618525
                16         -0.611472         -0.613494       0.000594073
                17          -0.61344         -0.613491       0.000558043
                18         -0.610784          -0.61334       0.000547197
                19         -0.616144         -0.613488       0.000538218
                20         -0.613672         -0.613497       0.000510682
                21         -0.615384         -0.613587       0.000493995
                22          -0.61456         -0.613631       0.000473077
                23         -0.611648         -0.613545       0.000460192
                24         -0.613328         -0.613536       0.000440693
                25         -0.617336         -0.613688       0.000449196
                26         -0.610144         -0.613552       0.000452588
                27         -0.612744         -0.613522       0.000436529
                28         -0.613504         -0.613521        0.00042065
                29           -0.6134         -0.613517       0.000405908
                30         -0.614336         -0.613544       0.000393093
                31         -0.614904         -0.613588       0.000382723
                32         -0.614616          -0.61362        0.00037196
                33         -0.613672         -0.613622       0.000360515
                34         -0.612856         -0.613599       0.000350476
                35         -0.614728         -0.613632       0.000341839
                36         -0.609136         -0.613507       0.000354903
                37         -0.608656         -0.613376       0.000369236
                38         -0.610904         -0.613311       0.000365226
                39         -0.613024         -0.613303       0.000355813
                40         -0.612056         -0.613272       0.000348203
                41         -0.610928         -0.613215       0.000344382
                42         -0.616368          -0.61329       0.000344366
                43          -0.61172         -0.613253       0.000338238
                44         -0.616024         -0.613316       0.000336408
                45         -0.613144         -0.613313       0.000328869
                46         -0.611104         -0.613265       0.000325204
                47         -0.614416         -0.613289       0.000319151
                48          -0.61552         -0.613336        0.00031587
                49          -0.61384         -0.613346       0.000309528
                50         -0.617776         -0.613434       0.000315952
