                 1           80.1069           80.1069                 0
                 2           86.9985           83.5527           3.44581
                 3           87.4086            84.838           2.36852
                 4           82.2046           84.1796           1.79954
                 5           68.6447           81.0726           3.40536
                 6           74.9421           80.0509           2.96225
                 7           83.5941           80.5571           2.55422
                 8           77.0698           80.1212           2.25456
                 9           76.2182           79.6875           2.03508
                10           76.6583           79.3846           1.84526
                11           81.0055           79.5319            1.6756
                12           78.9334           79.4821           1.53042
                13           78.8054             79.43           1.40874
                14           77.9139           79.3217           1.30873
                15           84.1765           79.6454           1.26061
                16           73.3805           79.2538            1.2425
                17           84.2226           79.5461           1.20317
                18           82.2062           79.6939           1.14395
                19           79.4591           79.6815           1.08214
                20           68.3215           79.1135           1.17326
                21           79.0772           79.1118             1.116
                22           81.4682           79.2189           1.06944
                23              80.4           79.2703           1.02317
                24           78.5709           79.2411          0.980046
                25           80.1362           79.2769          0.940709
                26           73.5579            79.057          0.930185
                27            77.856           79.0125          0.896176
                28           76.6542           78.9283          0.867674
                29           81.1495           79.0048          0.840716
                30           75.6188            78.892          0.820013
                31           74.9736           78.7656          0.803129
                32           69.7893           78.4851          0.826673
                33           75.9821           78.4092          0.804813
                34           83.6966           78.5647          0.796119
                35           75.8347           78.4867          0.776964
                36           78.9488           78.4996          0.755182
                37           84.5615           78.6634          0.752539
                38           80.6466           78.7156          0.734325
                39           88.9339           78.9776          0.761727
                40           77.6599           78.9447           0.74317
                41           78.7432           78.9397          0.724834
                42           74.5089           78.8342          0.715189
                43           80.7879           78.8797          0.699835
                44           80.7851            78.923          0.685115
                45           85.7837           79.0754          0.686852
                46           77.0506           79.0314          0.673195
                47           75.6851           78.9602          0.662552
                48           75.5438           78.8891          0.652496
                49           77.7641           78.8661          0.639453
                50             78.81            78.865          0.626534
