                 1          0.029708          0.029708                 0
                 2          0.026096          0.027902          0.001806
                 3           0.02798          0.027928        0.00104302
                 4          0.036712          0.030124        0.00231654
                 5          0.024484          0.028996        0.00211948
                 6          0.024168         0.0281913        0.00190848
                 7          0.029132         0.0283257        0.00161855
                 8          0.039004         0.0296605        0.00193557
                 9          0.026532         0.0293129        0.00174204
                10          0.026044          0.028986        0.00159205
                11          0.033228         0.0293716        0.00149081
                12          0.024588          0.028973         0.0014181
                13           0.02576         0.0287258        0.00132767
                14          0.023916         0.0283823        0.00127629
                15           0.02936         0.0284475        0.00118995
                16           0.01582         0.0276582        0.00136449
                17          0.030468         0.0278235        0.00129233
                18           0.02804         0.0278356        0.00121848
                19          0.024616         0.0276661        0.00116496
                20          0.025108         0.0275382        0.00111255
                21          0.028844         0.0276004        0.00106007
                22          0.026812         0.0275645        0.00101138
                23          0.021692         0.0273092       0.000999563
                24           0.02388         0.0271663       0.000967617
                25          0.024764         0.0270702       0.000933067
                26          0.028428         0.0271225       0.000897981
                27          0.026872         0.0271132       0.000864133
                28          0.031652         0.0272753        0.00084833
                29          0.030636         0.0273912       0.000826718
                30           0.02858         0.0274308       0.000799668
                31          0.027968         0.0274481       0.000773636
                32          0.035596         0.0277027       0.000791162
                33           0.02642         0.0276639       0.000767797
                34          0.027568         0.0276611       0.000744878
                35          0.022608         0.0275167       0.000737551
                36          0.021912          0.027361       0.000733484
                37          0.022392         0.0272267       0.000725915
                38          0.027692         0.0272389        0.00070666
                39          0.032716         0.0273794       0.000702483
                40          0.027516         0.0273828       0.000684705
                41           0.02636         0.0273579       0.000668261
                42           0.01474         0.0270574       0.000718027
                43             0.038         0.0273119       0.000745884
                44          0.032408         0.0274277       0.000737881
                45          0.018596         0.0272315       0.000747522
                46          0.035964         0.0274213       0.000755335
                47          0.032364         0.0275265       0.000746534
                48          0.028744         0.0275518       0.000731256
                49           0.02778         0.0275565       0.000716192
                50          0.025384          0.027513       0.000703066
