                 1           22.5298           22.5298                 0
                 2           22.7042            22.617         0.0871829
                 3           28.5206           24.5849            1.9685
                 4            30.311           26.0164            1.9967
                 5           18.4559           24.5043           2.16299
                 6           23.4693           24.3318           1.77448
                 7           21.5934           23.9406           1.54989
                 8           26.4391           24.2529            1.3781
                 9           27.6594           24.6314           1.27294
                10           21.2491           24.2932           1.18773
                11           22.6491           24.1437           1.08469
                12           30.1167           24.6415           1.10825
                13           24.4831           24.6293           1.01951
                14           26.6647           24.7747          0.955016
                15           22.0963           24.5961          0.906825
                16           25.3175           24.6412          0.849455
                17           21.9929           24.4854          0.812988
                18           28.9206           24.7318          0.805123
                19           28.5046           24.9304          0.787031
                20           25.0086           24.9343          0.746653
                21           25.7365           24.9725          0.711235
                22           25.3664           24.9904          0.678373
                23           26.5587           25.0586          0.651784
                24           24.2021           25.0229          0.625055
                25           20.3478           24.8359           0.62802
                26            25.371           24.8565          0.603733
                27           22.2399           24.7596           0.58897
                28           26.4854           24.8212          0.570883
                29           23.2229           24.7661          0.553596
                30           24.9155           24.7711          0.534848
                31           24.1011           24.7495          0.517758
                32           21.2151            24.639           0.51334
                33           19.1834           24.4737          0.524288
                34           23.3397           24.4403          0.509727
                35           29.3757           24.5813          0.514644
                36           22.8128           24.5322           0.50255
                37           27.9698           24.6251          0.497531
                38           22.1621           24.5603          0.488579
                39           25.0153            24.572           0.47603
                40           31.2187           24.7381          0.492834
                41           22.6964           24.6883          0.483237
                42           24.3151           24.6795          0.471674
                43           24.2195           24.6688          0.460699
                44           24.9495           24.6751          0.450152
                45           22.0481           24.6168           0.44389
                46            21.167           24.5418          0.440563
                47           20.2554           24.4506          0.440629
                48           24.5039           24.4517          0.431353
                49           25.6072           24.4753          0.423116
                50           27.6694           24.5391           0.41946
