                 1         -0.461576         -0.461576                 0
                 2         -0.464368         -0.462972          0.001396
                 3          -0.46356         -0.463168       0.000829471
                 4         -0.460856          -0.46259       0.000823465
                 5         -0.461552         -0.462382       0.000670787
                 6         -0.461928         -0.462307       0.000552906
                 7         -0.461496         -0.462191       0.000481428
                 8         -0.464128         -0.462433       0.000482144
                 9         -0.462192         -0.462406       0.000426053
                10         -0.460248          -0.46219       0.000437946
                11         -0.461744          -0.46215        0.00039821
                12         -0.463376         -0.462252       0.000377603
                13          -0.46556         -0.462506       0.000430579
                14         -0.457808         -0.462171       0.000521098
                15            -0.461         -0.462093       0.000491356
                16         -0.462792         -0.462137       0.000461694
                17         -0.462304         -0.462146       0.000433798
                18         -0.461952         -0.462136       0.000409131
                19         -0.461352         -0.462094        0.00038919
                20         -0.463624         -0.462171       0.000377057
                21         -0.462664         -0.462194       0.000359421
                22          -0.46356         -0.462256       0.000348272
                23         -0.458664           -0.4621       0.000367615
                24         -0.460216         -0.462022       0.000360614
                25         -0.463024         -0.462062       0.000348205
                26         -0.460936         -0.462018       0.000337335
                27         -0.465224         -0.462137       0.000345631
                28         -0.461048         -0.462098       0.000335323
                29         -0.459008         -0.461992       0.000340649
                30          -0.46288         -0.462021       0.000330428
                31          -0.46256         -0.462039       0.000320063
                32           -0.4644         -0.462113       0.000318564
                33         -0.460544         -0.462065       0.000312397
                34         -0.463016         -0.462093       0.000304357
                35          -0.46496         -0.462175       0.000306676
                36         -0.461568         -0.462158       0.000298512
                37         -0.456936         -0.462017       0.000322818
                38         -0.464784          -0.46209       0.000322536
                39         -0.462568         -0.462102       0.000314397
                40         -0.460928         -0.462073       0.000307838
                41         -0.461312         -0.462054       0.000300809
                42         -0.462208         -0.462058       0.000293582
                43         -0.460472         -0.462021       0.000289035
                44         -0.461792         -0.462016       0.000282438
                45          -0.46324         -0.462043       0.000277428
                46         -0.464216          -0.46209       0.000275412
                47         -0.459144         -0.462027       0.000276682
                48         -0.464728         -0.462084       0.000276638
                49          -0.46456         -0.462134       0.000275607
                50         -0.461312         -0.462118       0.000270539
