                 1          0.046228          0.046228                 0
                 2          0.039176          0.042702          0.003526
                 3           0.03002         0.0384747        0.00469197
                 4          0.040036          0.038865        0.00334061
                 5          0.035212         0.0381344        0.00268878
                 6          0.029496         0.0366947        0.00262537
                 7          0.034608         0.0363966        0.00223877
                 8          0.031832          0.035826        0.00202105
                 9           0.04176         0.0364853        0.00190044
                10          0.020696         0.0349064        0.00231999
                11          0.026568         0.0341484        0.00223122
                12          0.026272          0.033492        0.00213996
                13            0.0283         0.0330926        0.00200859
                14          0.013564         0.0316977        0.00232461
                15          0.042964         0.0324488        0.00229073
                16          0.030412         0.0323215        0.00214656
                17          0.043416         0.0329741        0.00211933
                18           0.03352         0.0330044        0.00199835
                19          0.036344         0.0331802        0.00189841
                20          0.029104         0.0329764        0.00181248
                21          0.020056         0.0323611        0.00183051
                22          0.023172         0.0319435        0.00179461
                23           0.04332         0.0324381        0.00178472
                24           0.03984         0.0327465        0.00173635
                25          0.029072         0.0325995        0.00167192
                26          0.030936         0.0325355         0.0016076
                27          0.031724         0.0325055        0.00154721
                28          0.028844         0.0323747        0.00149665
                29            0.0365          0.032517        0.00145111
                30          0.028752         0.0323915        0.00140751
                31          0.017524         0.0319119        0.00144336
                32          0.028684          0.031811        0.00140116
                33          0.034668         0.0318976         0.0013608
                34          0.043052         0.0322256        0.00136032
                35          0.025768         0.0320411        0.00133371
                36          0.034256         0.0321027        0.00129759
                37          0.026348         0.0319471        0.00127158
                38           0.02798         0.0318427        0.00124206
                39           0.02786         0.0317406        0.00121409
                40          0.037144         0.0318757        0.00119104
                41          0.031568         0.0318682        0.00116165
                42          0.043068         0.0321349        0.00116459
                43          0.019752         0.0318469        0.00117308
                44          0.036564         0.0319541        0.00115112
                45          0.030216         0.0319155        0.00112591
                46           0.03478         0.0319777        0.00110292
                47           0.02884          0.031911        0.00108126
                48          0.032736         0.0319282        0.00105863
                49          0.043736         0.0321691        0.00106444
                50          0.039396         0.0323137         0.0010529
