                 1          0.194461          0.194461                 0
                 2           0.20053          0.197495        0.00303428
                 3          0.198462          0.197817        0.00178121
                 4          0.199019          0.198118        0.00129483
                 5          0.200578           0.19861        0.00111716
                 6          0.200222          0.198878        0.00095089
                 7          0.200472          0.199106       0.000835273
                 8          0.196867          0.198826       0.000775625
                 9          0.195796          0.198489        0.00076241
                10          0.190579          0.197698        0.00104438
                11          0.195722          0.197519       0.000961615
                12          0.199778          0.197707       0.000897784
                13          0.196034          0.197578       0.000835813
                14          0.202884          0.197957       0.000861632
                15          0.194767          0.197745       0.000829844
                16          0.197003          0.197698       0.000777632
                17          0.192566          0.197396       0.000790394
                18          0.195688          0.197301       0.000751207
                19          0.194533          0.197156       0.000725355
                20          0.196344          0.197115       0.000689328
                21          0.195491          0.197038       0.000660226
                22          0.195246          0.196956        0.00063475
                23          0.197606          0.196985       0.000607181
                24          0.199827          0.197103       0.000593277
                25          0.193966          0.196978       0.000582724
                26          0.195921          0.196937       0.000561336
                27          0.191975          0.196753       0.000570554
                28          0.195574          0.196711        0.00055141
                29          0.194108          0.196621       0.000539576
                30          0.197536          0.196652       0.000522171
                31          0.197254          0.196671        0.00050542
                32          0.195486          0.196634        0.00049077
                33           0.19586          0.196611       0.000476244
                34           0.19337          0.196515       0.000471752
                35           0.19522          0.196478       0.000459566
                36          0.194393           0.19642       0.000450358
                37          0.195479          0.196395       0.000438756
                38          0.192786            0.1963       0.000437488
                39          0.193162           0.19622       0.000433655
                40          0.196733          0.196232       0.000422869
                41          0.191058          0.196106       0.000431301
                42          0.198507          0.196163        0.00042477
                43          0.189921          0.196018       0.000439444
                44           0.19664          0.196032       0.000429573
                45          0.193849          0.195984       0.000422713
                46           0.19335          0.195927       0.000417368
                47          0.199699          0.196007       0.000416203
                48          0.198989          0.196069       0.000412149
                49          0.195628           0.19606        0.00040375
                50          0.199298          0.196125        0.00040086
