                 1           67.3748           67.3748                 0
                 2           86.9439           77.1594           9.78454
                 3           79.5999           77.9729           5.70738
                 4           86.6525           80.1428           4.58209
                 5           76.6489            79.444            3.6174
                 6           82.1652           79.8975           2.98821
                 7           65.8913           77.8966           3.22207
                 8           81.0082           78.2856           2.81737
                 9           75.7881           78.0081           2.50014
                10            83.787            78.586           2.30965
                11           79.2054           78.6423           2.08992
                12            78.095           78.5967           1.90837
                13           90.2755            79.495           1.97197
                14           83.1432           79.7556           1.84419
                15            76.727           79.5537           1.72868
                16           71.7521           79.0661           1.68895
                17           83.9505           79.3534            1.6123
                18           73.3061           79.0175           1.55677
                19           84.3364           79.2974           1.49893
                20           81.5962           79.4124           1.42665
                21           76.5719           79.2771           1.36374
                22           80.2816           79.3228           1.30108
                23           84.2208           79.5357           1.26133
                24           67.1774           79.0208           1.31283
                25           85.7447           79.2898           1.28763
                26           77.4076           79.2174           1.23923
                27           83.0667           79.3599           1.20094
                28            60.725           78.6944           1.33498
                29           71.4235           78.4437            1.3123
                30           77.9077           78.4258           1.26792
                31           70.3911           78.1666           1.25343
                32           71.5497           77.9598           1.23112
                33           75.3765           77.8816            1.1958
                34           82.6327           78.0213           1.16848
                35           89.0421           78.3362           1.17748
                36           68.9111           78.0744           1.17388
                37           83.6992           78.2264           1.15179
                38           77.9867           78.2201           1.12108
                39           74.5269           78.1254           1.09606
                40           80.6192           78.1877           1.07012
                41           90.9461           78.4989            1.0891
                42           80.9963           78.5584           1.06451
                43           83.9314           78.6833           1.04695
                44           88.3412           78.9028           1.04616
                45           86.0073           79.0607           1.03476
                46           77.7014           79.0312           1.01245
                47           82.5567           79.1062           0.99351
                48             74.72           79.0148          0.976875
                49           85.4444            79.146          0.965687
                50           83.9669           79.2424          0.951076
