                 1          0.270142          0.270142                 0
                 2          0.267151          0.268647        0.00149563
                 3          0.267632          0.268309       0.000927383
                 4          0.268122          0.268262       0.000657411
                 5          0.273359          0.269281        0.00113946
                 6           0.26319          0.268266        0.00137699
                 7          0.271813          0.268773        0.00126928
                 8           0.26646          0.268484        0.00113663
                 9          0.267536          0.268378        0.00100792
                10          0.265079          0.268049       0.000959997
                11          0.273393          0.268534       0.000995033
                12          0.277719            0.2693        0.00118782
                13          0.269224          0.269294        0.00109265
                14           0.26956          0.269313        0.00101177
                15          0.270514          0.269393       0.000945307
                16          0.271096            0.2695       0.000890638
                17          0.271518          0.269618       0.000844992
                18          0.263874          0.269299       0.000858213
                19          0.274707          0.269584       0.000860236
                20          0.265817          0.269395       0.000837544
                21          0.272963          0.269565       0.000814571
                22          0.273709          0.269754       0.000799175
                23          0.275674          0.270011       0.000805863
                24          0.272696          0.270123       0.000779622
                25          0.265235          0.269927       0.000772922
                26          0.270786           0.26996       0.000743334
                27          0.264208          0.269747        0.00074633
                28           0.26777          0.269677       0.000722639
                29          0.271332          0.269734       0.000699607
                30          0.273764          0.269868       0.000689103
                31          0.264993          0.269711       0.000684807
                32          0.270065          0.269722       0.000663154
                33          0.269064          0.269702       0.000643053
                34          0.266109          0.269596       0.000632741
                35          0.265693          0.269485       0.000624435
                36          0.268607           0.26946       0.000607331
                37          0.265599          0.269356       0.000599835
                38          0.271112          0.269402       0.000585663
                39          0.271287          0.269451       0.000572491
                40          0.267344          0.269398       0.000560475
                41          0.265411          0.269301       0.000555215
                42          0.269909          0.269315       0.000542027
                43          0.268165          0.269288       0.000529948
                44          0.273829          0.269392       0.000527947
                45          0.269447          0.269393       0.000516083
                46          0.264716          0.269291       0.000514878
                47          0.272916          0.269368       0.000509672
                48          0.270863          0.269399       0.000499912
                49          0.266341          0.269337       0.000493565
                50          0.271332          0.269377       0.000485236
