                 1         -0.964272         -0.964272                 0
                 2         -0.982304         -0.973288          0.009016
                 3         -0.972656         -0.973077        0.00520965
                 4         -0.981288          -0.97513        0.00421707
                 5         -0.970008         -0.974106        0.00342339
                 6          -0.97676         -0.974548        0.00282998
                 7          -0.96232         -0.972801        0.00296177
                 8          -0.97648         -0.973261        0.00260586
                 9          -0.97196         -0.973116         0.0023027
                10         -0.979672         -0.973772        0.00216141
                11         -0.973816         -0.973776        0.00195507
                12         -0.972776         -0.973693        0.00178667
                13         -0.985592         -0.974608         0.0018812
                14         -0.977984         -0.974849        0.00175827
                15         -0.972112         -0.974667          0.001647
                16         -0.968984         -0.974312        0.00158104
                17         -0.978304         -0.974546        0.00150358
                18         -0.968208         -0.974194        0.00146067
                19          -0.98044         -0.974523        0.00142022
                20         -0.975984         -0.974596        0.00134932
                21           -0.9726         -0.974501        0.00128697
                22         -0.975984         -0.974568        0.00122893
                23         -0.977416         -0.974692        0.00118079
                24         -0.961984         -0.974163        0.00124838
                25         -0.979832         -0.974389        0.00121869
                26           -0.9716         -0.974282        0.00117579
                27         -0.978056         -0.974422           0.00114
                28         -0.957488         -0.973817        0.00125401
                29          -0.96476         -0.973505        0.00124965
                30         -0.973736         -0.973513         0.0012073
                31         -0.963976         -0.973205        0.00120755
                32         -0.967656         -0.973032        0.00118199
                33          -0.97164         -0.972989        0.00114639
                34         -0.978312         -0.973146        0.00112313
                35         -0.983336         -0.973437        0.00112876
                36         -0.964944         -0.973201        0.00112204
                37         -0.979048         -0.973359        0.00110268
                38          -0.97284         -0.973345        0.00107335
                39          -0.97036         -0.973269        0.00104827
                40         -0.977016         -0.973363        0.00102601
                41         -0.985176         -0.973651        0.00104133
                42         -0.975976         -0.973706        0.00101774
                43         -0.977392         -0.973792        0.00099748
                44         -0.982496          -0.97399       0.000994421
                45          -0.98324         -0.974195       0.000993569
                46         -0.972568          -0.97416       0.000972374
                47         -0.977136         -0.974223       0.000953565
                48         -0.968216         -0.974098       0.000941839
                49         -0.980096          -0.97422       0.000930504
                50         -0.980048         -0.974337       0.000919124
