                 1          0.200638          0.200638                 0
                 2          0.196608          0.198623        0.00201496
                 3          0.198778          0.198675        0.00116449
                 4          0.196556          0.198145       0.000979045
                 5          0.190989          0.196714        0.00161974
                 6          0.199418          0.197164        0.00139723
                 7          0.194418          0.196772        0.00124437
                 8          0.193255          0.196332        0.00116386
                 9          0.199158          0.196646        0.00107336
                10          0.197017          0.196683       0.000960757
                11          0.198279          0.196828       0.000881056
                12          0.196112          0.196769       0.000806503
                13          0.204179          0.197339       0.000935582
                14          0.193965          0.197098       0.000899087
                15          0.193419          0.196853       0.000872195
                16           0.19758          0.196898       0.000817129
                17          0.196725          0.196888       0.000767626
                18          0.196709          0.196878       0.000723793
                19          0.197022          0.196885       0.000684681
                20          0.197009          0.196892       0.000649575
                21          0.196842          0.196889       0.000617874
                22          0.198107          0.196945       0.000591714
                23           0.20035          0.197093       0.000584468
                24          0.192655          0.196908       0.000589347
                25          0.194691          0.196819       0.000572194
                26          0.190342           0.19657       0.000603563
                27          0.195878          0.196544       0.000581343
                28          0.197739          0.196587       0.000561819
                29          0.199083          0.196673       0.000548891
                30          0.198026          0.196718       0.000532193
                31          0.197012          0.196728       0.000514826
                32          0.200368          0.196841       0.000511297
                33          0.199019          0.196907       0.000499933
                34          0.192491          0.196778       0.000502095
                35          0.195051          0.196728       0.000490029
                36          0.198289          0.196772       0.000478193
                37          0.196452          0.196763       0.000465169
                38          0.193839          0.196686       0.000459252
                39          0.198548          0.196734       0.000449862
                40          0.198745          0.196784       0.000441345
                41          0.198532          0.196827       0.000432551
                42           0.19408          0.196761       0.000427163
                43          0.199188          0.196818       0.000420912
                44          0.195651          0.196791       0.000412088
                45          0.195991          0.196773       0.000403219
                46           0.19023          0.196631       0.000419225
                47          0.194953          0.196595       0.000411758
                48          0.198028          0.196625       0.000404192
                49          0.193933           0.19657       0.000399652
                50           0.19824          0.196604       0.000392999
