                 1           46.0089           46.0089                 0
                 2           47.7112           46.8601          0.851147
                 3           48.3587           47.3596          0.700736
                 4           47.1201           47.2997          0.499101
                 5           37.5631           45.3524           1.98533
                 6            39.571           44.3888           1.88578
                 7           42.2466           44.0828           1.62289
                 8           41.1988           43.7223           1.45096
                 9           49.6738           44.3836            1.4404
                10           47.3006           44.6753           1.32094
                11           41.8829           44.4214            1.2215
                12           43.8946           44.3775           1.11594
                13           42.4349           44.2281           1.03733
                14           48.2853           44.5179           1.00316
                15           47.2909           44.7028           0.95201
                16           46.6799           44.8263          0.899057
                17           38.8049           44.4721          0.915789
                18           46.0399           44.5592          0.867796
                19           44.2357           44.5422           0.82103
                20            49.977           44.8139          0.824939
                21            46.442           44.8915          0.788494
                22             40.66           44.6991          0.776014
                23           49.7371           44.9182          0.773183
                24           46.3733           44.9788          0.742745
                25           44.1557           44.9459          0.713176
                26           40.2149           44.7639          0.708946
                27           40.3934            44.602          0.701125
                28           41.4302           44.4888          0.685052
                29           39.4379           44.3146          0.683568
                30           42.8185           44.2647          0.662269
                31            44.387           44.2687          0.640562
                32           39.9164           44.1327          0.634959
                33           40.7507           44.0302          0.623892
                34           46.9904           44.1172          0.611494
                35            52.719            44.363          0.642618
                36           39.8991            44.239          0.636703
                37           41.7016           44.1704          0.623042
                38             47.57           44.2599          0.612988
                39           44.4839           44.2656          0.597091
                40           48.4674           44.3707          0.591376
                41           46.3374           44.4186          0.578763
                42           44.4219           44.4187          0.564815
                43           44.6278           44.4236          0.551545
                44           54.4311            44.651          0.584897
                45           43.7539           44.6311          0.572099
                46           31.9458           44.3553          0.623791
                47           32.6967           44.1073          0.658854
                48            47.721           44.1826           0.64936
                49           47.2303           44.2448          0.639004
                50           50.1743           44.3633          0.637226
