                 1          0.075876          0.075876                 0
                 2          0.058732          0.067304          0.008572
                 3          0.054788          0.063132        0.00647292
                 4          0.054632          0.061007        0.00504628
                 5          0.063164         0.0614384        0.00393257
                 6           0.05746         0.0607753        0.00327867
                 7          0.067772         0.0617749        0.00294574
                 8          0.063392          0.061977        0.00255909
                 9          0.066012         0.0624253          0.002301
                10            0.0473         0.0609128         0.0025541
                11          0.050204         0.0599393        0.00250701
                12          0.047468            0.0589         0.0025135
                13          0.043708         0.0577314        0.00259064
                14          0.040196         0.0564789        0.00270582
                15           0.08164         0.0581563        0.00302638
                16           0.07148          0.058989        0.00295085
                17          0.061424         0.0591322        0.00277554
                18          0.049908         0.0586198        0.00266651
                19          0.058472          0.058612        0.00252228
                20          0.047968         0.0580798        0.00245131
                21            0.0269          0.056595        0.00276426
                22          0.036628         0.0556875        0.00278751
                23          0.094772         0.0573868        0.00315947
                24          0.055692         0.0573162        0.00302579
                25          0.034924         0.0564205        0.00303731
                26          0.058136         0.0564865        0.00291889
                27          0.063316         0.0567394        0.00282007
                28           0.07056          0.057233        0.00276196
                29          0.071876         0.0577379        0.00271243
                30          0.042688         0.0572363        0.00266804
                31          0.028536         0.0563105        0.00274159
                32          0.055744         0.0562928        0.00265459
                33           0.07124         0.0567457        0.00261246
                34          0.074352         0.0572635        0.00258682
                35          0.070712         0.0576478        0.00254104
                36           0.05254         0.0575059        0.00247352
                37          0.056432         0.0574769        0.00240591
                38          0.051284         0.0573139        0.00234741
                39           0.04342         0.0569576        0.00231402
                40          0.068464         0.0572453        0.00227369
                41          0.060484         0.0573243        0.00221895
                42          0.059868         0.0573849        0.00216632
                43          0.040448          0.056991         0.0021517
                44          0.048968         0.0568086        0.00211012
                45          0.037504         0.0563796        0.00210683
                46          0.063872         0.0565425        0.00206695
                47          0.054912         0.0565078        0.00202279
                48          0.070324         0.0567957        0.00200101
                49          0.089344         0.0574599        0.00206927
                50          0.072212          0.057755        0.00204881
