         100           0           0           0           0
         100   0.0256496           0           0           0
         100   0.0512993           0           0           0
         100   0.0769489           0           0           0
         100    0.102599           0           0           0
         100    0.128248           0           0           0
         100    0.153898           0           0           0
         100    0.179547           0           0           0
         100    0.205197           0           0           0
         100    0.230847           0           0           0
         100    0.256496           0           0           0
         100    0.282146           0           0           0
         100    0.307796           0           0           0
         100    0.333445           0           0           0
         100    0.359095           0           0           0
         100    0.384745           0           0           0
         100    0.410394           0           0           0
         100    0.436044           0           0           0
         100    0.461694           0           0           0
         100    0.487343           0           0           0
         100    0.512993           0           0           0
         100    0.538642           0           0           0
         100    0.564292           0           0           0
         100    0.589942           0           0           0
         100    0.615591           0           0           0
         100    0.641241           0           0           0
         100    0.666891           0           0           0
         100     0.69254           0           0           0
         100     0.71819           0           0           0
         100     0.74384           0           0           0
         100    0.769489           0           0           0
         100    0.795139           0           0           0
         100    0.820788           0           0           0
         100    0.846438           0           0           0
         100    0.872088           0  0.00146728 0.000500087
         100    0.897737           0   0.0226923  0.00254318
         100    0.923387    0.114704    0.155833   0.0067119
         100    0.949037    0.574389    0.556692   0.0126427
         100    0.974686     1.28134     1.19239   0.0180125
         100     1.00034     1.94487     1.87477   0.0213048
         100     1.02599     2.15613     2.39198   0.0225838
         100     1.05164      2.0408     2.57458   0.0222335
         100     1.07728     2.19971     2.60497   0.0258205
         100     1.10293     2.30741     2.38609   0.0250941
         100     1.12858     1.97336     2.18051   0.0220606
         100     1.15423     2.31993     1.95085   0.0214551
         100     1.17988     2.17074     1.72216   0.0190404
         100     1.20553     1.83841     1.53053   0.0174319
         100     1.23118      1.7077     1.35577   0.0146542
         100     1.25683     1.20282     1.23107   0.0166446
         100     1.28248     1.28406     1.10087   0.0154107
         100     1.30813      1.1606     1.02117   0.0148466
         100     1.33378     1.01384    0.942161   0.0149092
         100     1.35943    0.922907    0.886067   0.0132327
         100     1.38508     0.66885    0.829448   0.0136388
         100     1.41073    0.666228    0.792173   0.0120776
         100     1.43638    0.588143    0.736341    0.010584
         100     1.46203    0.660307    0.695832   0.0094319
         100     1.48768    0.682581    0.671927   0.0100808
         100     1.51333     0.64133    0.678392    0.010399
         100     1.53898    0.757488    0.676132  0.00967053
         100     1.56463    0.629157    0.685378   0.0100752
         100     1.59028     0.63713    0.684803  0.00932237
         100     1.61593    0.682192    0.692912  0.00979227
         100     1.64158    0.755661     0.69631  0.00877646
         100     1.66723    0.686966    0.713376  0.00788318
         100     1.69288    0.651651    0.759173  0.00990004
         100     1.71853    0.666027     0.82319  0.00965233
         100     1.74418    0.888663    0.829853   0.0102439
         100     1.76983    0.967229    0.858574  0.00989228
         100     1.79547    0.816996    0.917188   0.0110993
         100     1.82112    0.824196     0.96542  0.00938739
         100     1.84677     1.11313    0.975938  0.00998357
         100     1.87242    0.808242     1.01543  0.00978321
         100     1.89807     1.12497     1.05291  0.00999916
         100     1.92372     1.18345     1.08514   0.0106564
         100     1.94937     1.03334      1.1112  0.00927238
         100     1.97502     1.06864     1.16565  0.00878238
         100     2.00067     1.10181     1.17611    0.010622
         100     2.02632     1.10536     1.20325  0.00922219
         100     2.05197     1.06796     1.21289  0.00988343
         100     2.07762     1.17338     1.22357  0.00943207
         100     2.10327     1.30228     1.21112  0.00945788
         100     2.12892     1.31825     1.17506  0.00819633
         100     2.15457     1.32392     1.15738  0.00999769
         100     2.18022     1.24535     1.13369  0.00792553
         100     2.20587     1.10585     1.10202   0.0087459
         100     2.23152     1.19763      1.0859  0.00851331
         100     2.25717     1.08988     1.04341  0.00861219
         100     2.28282      1.1665     1.02824  0.00834193
         100     2.30847     1.17818    0.995886  0.00826341
         100     2.33412    0.977862    0.973324  0.00778484
         100     2.35977    0.974694    0.958338  0.00876316
         100     2.38542    0.896519    0.956529  0.00752264
         100     2.41107    0.897204    0.944166  0.00798482
         100     2.43672    0.909631    0.927848   0.0062856
         100     2.46237    0.888532    0.918916  0.00685203
         100     2.48802      0.8704    0.903654  0.00685486
         100     2.51366    0.877568    0.917554  0.00674521
         100     2.53931    0.996738    0.915169  0.00651493
