         100           0           0           0           0
         100   0.0230664           0           0           0
         100   0.0461329           0           0           0
         100   0.0691993           0           0           0
         100   0.0922657           0           0           0
         100    0.115332           0           0           0
         100    0.138399           0           0           0
         100    0.161465           0           0           0
         100    0.184531           0           0           0
         100    0.207598           0           0           0
         100    0.230664           0           0           0
         100    0.253731           0           0           0
         100    0.276797           0           0           0
         100    0.299864           0           0           0
         100     0.32293           0           0           0
         100    0.345996           0           0           0
         100    0.369063           0           0           0
         100    0.392129           0           0           0
         100    0.415196           0           0           0
         100    0.438262           0           0           0
         100    0.461329           0           0           0
         100    0.484395           0           0           0
         100    0.507461           0           0           0
         100    0.530528           0           0           0
         100    0.553594           0           0           0
         100    0.576661           0           0           0
         100    0.599727           0           0           0
         100    0.622794           0           0           0
         100     0.64586           0           0           0
         100    0.668926           0           0           0
         100    0.691993           0           0           0
         100    0.715059           0           0           0
         100    0.738126           0           0           0
         100    0.761192           0           0           0
         100    0.784259           0           0           0
         100    0.807325           0           0           0
         100    0.830391           0           0           0
         100    0.853458           0           0           0
         100    0.876524           0 0.000147281 0.000147281
         100    0.899591           0  0.00503707  0.00120182
         100    0.922657           0   0.0521731  0.00268652
         100    0.945724    0.215489    0.324881  0.00911514
         100     0.96879     1.35367     1.06348   0.0140073
         100    0.991856     2.61891      2.3186   0.0219541
         100     1.01492     3.26322     3.67983   0.0251708
         100     1.03799     4.23915     4.56805   0.0289803
         100     1.06106     4.78573     4.74252   0.0288313
         100     1.08412     4.45089     4.38307   0.0292316
         100     1.10719     3.96298     3.63703   0.0269157
         100     1.13026     2.53929     2.65485   0.0206682
         100     1.15332      2.0545     1.83758   0.0153014
         100     1.17639    0.995978     1.16727   0.0127768
         100     1.19945    0.570287     0.69179  0.00990455
         100     1.22252    0.442385    0.368934  0.00735246
         100     1.24559     0.19845    0.194408  0.00589147
         100     1.26865   0.0992254   0.0980205  0.00413768
         100     1.29172   0.0615498   0.0589511  0.00328453
         100     1.31479   0.0462215   0.0533528  0.00319328
         100     1.33785    0.114827   0.0687046  0.00372949
         100     1.36092    0.178832    0.123024   0.0042601
         100     1.38399    0.184899    0.201122  0.00548233
         100     1.40705    0.253972    0.310827  0.00579558
         100     1.43012    0.558886    0.455939  0.00648817
         100     1.45319    0.541422    0.622419  0.00786741
         100     1.47625    0.666451    0.776494   0.0083602
         100     1.49932    0.865068    0.891326  0.00931969
         100     1.52238     1.03672    0.961284  0.00960867
         100     1.54545    0.757067    0.917201  0.00915038
         100     1.56852    0.809567    0.786164  0.00741913
         100     1.59158    0.777399    0.631411  0.00834801
         100     1.61465    0.513917    0.462086  0.00572263
         100     1.63772    0.324554    0.328824  0.00595176
         100     1.66078     0.21598    0.238118  0.00532591
         100     1.68385    0.218225    0.214588  0.00544538
         100     1.70692    0.275341     0.28667  0.00623972
         100     1.72998    0.436614    0.472768    0.008264
         100     1.75305    0.809512     0.78795   0.0078623
         100     1.77612     1.27219     1.22403  0.00916978
         100     1.79918     1.76432     1.71242    0.010557
         100     1.82225     2.22799     2.20087   0.0121814
         100     1.84531     2.46271     2.54178   0.0135271
         100     1.86838     2.64258     2.65793   0.0151712
         100     1.89145      2.4089     2.50872   0.0144829
         100     1.91451     2.06348     2.15973   0.0129025
         100     1.93758     1.66025     1.67077  0.00973602
         100     1.96065     1.39766     1.22373  0.00863327
         100     1.98371    0.904518    0.838313   0.0072163
         100     2.00678    0.584555    0.577968  0.00737919
         100     2.02985    0.390238     0.46561  0.00770028
         100     2.05291    0.359763    0.489304  0.00737802
         100     2.07598    0.631741    0.601647  0.00592893
         100     2.09905    0.769251    0.750111  0.00554182
         100     2.12211     1.00021    0.893606  0.00696921
         100     2.14518     1.04885    0.980677  0.00736789
         100     2.16824    0.960766    0.992816  0.00768255
         100     2.19131    0.892875    0.921122  0.00593542
         100     2.21438    0.853366    0.791521  0.00607995
         100     2.23744    0.620074    0.682035  0.00599494
         100     2.26051    0.558044    0.590604  0.00579578
         100     2.28358      0.6395    0.599763   0.0071002
