39.1936
24.9323
19.7739
13.7537
12.0485
10.4361
8.12332
7.14989
6.09731
6.09731
6.09731
6.09731
6.09731
6.09731
6.09731
6.09731
6.09731
6.09731
6.09731
6.09731
6.09731
6.09731
6.09731
6.09731
6.09731
6.09731
6.09731
6.09731
6.09731
6.09731
6.09731
6.09731
6.09731
6.09731
6.09731
6.09731
6.09731
6.09731
6.09731
6.09731
6.09731
6.09731
6.09731
6.09731
6.09731
6.09731
6.09731
6.09731
6.09731
6.09731
6.09731
6.09731
6.09731
6.09731
6.09731
6.09731
6.09731
6.09731
6.09731
6.09731
6.09731
6.09731
6.09731
6.09731
6.09731
6.09731
6.09731
6.09731
6.09731
6.09731
6.09731
6.09731
6.09731
6.09731
6.09731
6.09731
6.09731
6.09731
6.09731
6.09731
6.09731
6.09731
6.09731
6.09731
6.09731
6.09731
6.09731
6.09731
6.09731
6.09731
6.09731
6.09731
6.09731
6.09731
6.09731
6.09731
6.09731
6.09731
6.09731
6.09731
6.09731
6.09731
6.09731
6.09731
6.09731
6.09731
6.09731
6.09731
6.09731
6.09731
6.09731
6.09731
6.09731
6.09731
6.09731
6.09731
6.09731
6.09731
6.09731
6.09731
6.09731
6.09731
6.09731
6.09731
6.09731
6.09731
6.09731
6.09731
6.09731
6.09731
6.09731
6.09731
6.09731
6.09731
6.09731
6.09731
6.09731
6.09731
6.09731
6.09731
6.09731
6.09731
6.09731
6.09731
6.09731
6.09731
6.09731
6.09731
6.09731
6.09731
6.09731
6.09731
6.09731
6.09731
6.09731
6.09731
6.09731
6.09731
6.09731
6.09731
6.09731
6.09731
6.09731
6.09731
6.09731
6.09731
6.09731
6.09731
6.09731
6.09731
6.09731
6.09731
6.09731
6.09731
6.09731
6.09731
6.09731
6.09731
6.09731
6.09731
6.09731
6.09731
6.09731
6.09731
6.09731
6.09731
6.09731
6.09731
6.09731
6.09731
6.09731
6.09731
6.09731
6.09731
6.09731
6.09731
6.09731
6.09731
6.09731
6.09731
