16.9205
10.8867
8.26341
6.52839
6.33869
5.57593
5.50361
5.2107
5.14531
5.06905
4.84504
4.84504
4.84504
4.84504
4.84504
4.84504
4.84504
4.84504
4.84504
4.84504
4.84504
4.84504
4.84504
4.84504
4.84504
4.84504
4.84504
4.84504
4.84504
4.84504
4.84504
4.84504
4.84504
4.84504
4.84504
4.84504
4.84504
4.84504
4.84504
4.84504
4.84504
4.84504
4.84504
4.84504
4.84504
4.84504
4.84504
4.84504
4.84504
4.84504
4.84504
4.84504
4.84504
4.84504
4.84504
4.84504
4.84504
4.84504
4.84504
4.84504
4.84504
4.84504
4.84504
4.84504
4.84504
4.84504
4.84504
4.84504
4.84504
4.84504
4.84504
4.84504
4.84504
4.84504
4.84504
4.84504
4.84504
4.84504
4.84504
4.84504
4.84504
4.84504
4.84504
4.84504
4.84504
4.84504
4.84504
4.84504
4.84504
4.84504
4.84504
4.84504
4.84504
4.84504
4.84504
4.84504
4.84504
4.84504
4.84504
4.84504
4.84504
4.84504
4.84504
4.84504
4.84504
4.84504
4.84504
4.84504
4.84504
4.84504
4.84504
4.84504
4.84504
4.84504
4.84504
4.84504
4.84504
4.84504
4.84504
4.84504
4.84504
4.84504
4.84504
4.84504
4.84504
4.84504
4.84504
4.84504
4.84504
4.84504
4.84504
4.84504
4.84504
4.84504
4.84504
4.84504
4.84504
4.84504
4.84504
4.84504
4.84504
4.84504
4.84504
4.84504
4.84504
4.84504
4.84504
4.84504
4.84504
4.84504
4.84504
4.84504
4.84504
4.84504
4.84504
4.84504
4.84504
4.84504
4.84504
4.84504
4.84504
4.84504
4.84504
4.84504
4.84504
4.84504
4.84504
4.84504
4.84504
4.84504
4.84504
4.84504
4.84504
4.84504
4.84504
4.84504
4.84504
4.84504
4.84504
4.84504
4.84504
4.84504
4.84504
4.84504
4.84504
4.84504
4.84504
4.84504
4.84504
4.84504
4.84504
4.84504
4.84504
4.84504
4.84504
4.84504
4.84504
4.84504
4.84504
4.84504
