-0.0351882
-0.472177
-0.414014
-0.387356
-0.472295
-0.473209
-0.445829
-0.448941
-0.466253
-0.428082
-0.478756
-0.475663
-0.462535
-0.511433
-0.41983
-0.565118
-0.463402
-0.409077
-0.39196
-0.435087
-0.464239
-0.444206
-0.422596
-0.451966
-0.394728
-0.462071
-0.395128
-0.402329
-0.344729
-0.378906
-0.429253
-0.403488
-0.398394
-0.420846
-0.422388
-0.471461
-0.427113
-0.415885
-0.438602
-0.344641
-0.319358
-0.380202
-0.464178
-0.356849
-0.409883
-0.370772
-0.388913
-0.409081
-0.375484
-0.306611
-0.3459
-0.372069
-0.398367
-0.360282
-0.38498
-0.43588
-0.398912
-0.349934
-0.368338
-0.352818
-0.329783
-0.449843
-0.496731
-0.422471
-0.543348
-0.497701
-0.489628
-0.361144
-0.330006
-0.382627
-0.413277
-0.480759
-0.500475
-0.381579
-0.356614
-0.354065
-0.36237
-0.370823
-0.379449
-0.36652
-0.361661
-0.2953
-0.433982
-0.425717
-0.391747
-0.428524
-0.418765
-0.408474
-0.412216
-0.490264
-0.464192
-0.41798
-0.389835
-0.38864
-0.387078
-0.446105
-0.431072
-0.410325
-0.377183
-0.412152
-0.408743
-0.395867
-0.398258
-0.382119
-0.386297
-0.322979
-0.367362
-0.438917
-0.359259
-0.352797
-0.343199
-0.394135
-0.364833
-0.364014
-0.31539
-0.325012
-0.355953
-0.39553
-0.450885
-0.461182
-0.450109
-0.439044
-0.377769
-0.325223
-0.406481
-0.412035
-0.42499
-0.448534
-0.451448
-0.449688
-0.329873
-0.378887
-0.394814
-0.480612
-0.468998
-0.425488
-0.370578
-0.368791
-0.362305
-0.384754
-0.457346
-0.435935
-0.34344
-0.385133
-0.434696
-0.44279
-0.456585
-0.49907
-0.479371
-0.436139
-0.414653
-0.39694
-0.448253
-0.431178
-0.415405
-0.458848
-0.366422
-0.406752
-0.422928
-0.376644
-0.383668
-0.369714
-0.414939
-0.482179
-0.380686
-0.357717
-0.367717
-0.354064
-0.38899
-0.414946
-0.411175
-0.383057
-0.424978
-0.389265
-0.430683
-0.37228
-0.40649
-0.407165
-0.461508
-0.511714
-0.499364
-0.536362
-0.466929
-0.394841
-0.397002
-0.488946
-0.427634
-0.418514
-0.415432
-0.471829
-0.418845
-0.40823
-0.396105
-0.389846
-0.475801
-0.470377
-0.409498
-0.378251
-0.39351
-0.403562
-0.404156
-0.40316
-0.380105
-0.430207
-0.445602
-0.416404
-0.418215
-0.465021
-0.406603
-0.40585
-0.400055
-0.426071
-0.43076
-0.403107
-0.370536
-0.484239
-0.459446
-0.429973
-0.402619
-0.370296
-0.354884
-0.330558
-0.351921
-0.358186
-0.425492
-0.311078
-0.346977
-0.396266
-0.410481
-0.332502
-0.346476
-0.37768
-0.399722
-0.42147
-0.487204
-0.407714
-0.474239
-0.398676
-0.399513
-0.371493
-0.487742
-0.433306
-0.349026
-0.374311
-0.417518
-0.423153
-0.451761
-0.434416
-0.447455
-0.407606
-0.367525
-0.350366
-0.444475
-0.437734
-0.425939
-0.431125
-0.525362
-0.450315
-0.461938
-0.421482
-0.367368
-0.415296
-0.40778
-0.394277
-0.411093
-0.413607
-0.41376
-0.468544
-0.481008
-0.420937
-0.446732
-0.356133
-0.340609
-0.323922
-0.278577
-0.337656
-0.347948
-0.30898
-0.387648
-0.42456
-0.420537
-0.455252
-0.445618
-0.443928
-0.424729
-0.459133
-0.432706
-0.422244
-0.389864
-0.406862
-0.33749
-0.392108
-0.351766
-0.397649
-0.343805
-0.379114
-0.435753
-0.458825
-0.528971
-0.513162
-0.523455
-0.44239
-0.436727
-0.424151
-0.367848
-0.370213
-0.400451
-0.421246
-0.361163
-0.391571
-0.331043
-0.350134
-0.377887
-0.359896
-0.360301
-0.389523
-0.419854
-0.38177
-0.405013
-0.386342
-0.37206
-0.425337
-0.36341
-0.496324
-0.458259
-0.505453
-0.524321
-0.492622
-0.413093
-0.432751
-0.488382
-0.452759
-0.38667
-0.365036
-0.327786
-0.323505
-0.36015
-0.409399
-0.370362
-0.361223
-0.430125
-0.467355
-0.408508
-0.386772
-0.46313
-0.452589
-0.465087
-0.530743
-0.478837
-0.519201
-0.417156
-0.381223
-0.445003
-0.464641
-0.423985
-0.453669
-0.393401
-0.392607
-0.395873
-0.383973
-0.357014
-0.339342
-0.405414
-0.378001
-0.412521
-0.407151
-0.474159
-0.419314
-0.448597
-0.48096
-0.435576
-0.438195
-0.487928
-0.495518
-0.438132
-0.44608
-0.410597
-0.401908
-0.400825
-0.368138
-0.395447
-0.3931
-0.439696
-0.525193
-0.500299
-0.415571
-0.498533
-0.526667
-0.553712
-0.503931
-0.494327
-0.477036
-0.460045
-0.494163
-0.430283
-0.486609
-0.482135
-0.455646
-0.484807
-0.478869
-0.455274
-0.504343
-0.500969
-0.434868
-0.442743
-0.476395
-0.368658
-0.363188
-0.429099
-0.39085
-0.412749
-0.421814
-0.489423
-0.485611
-0.449186
-0.343445
-0.342633
-0.383168
-0.334472
-0.314371
-0.340665
-0.326717
-0.350425
-0.412904
-0.412488
-0.386923
-0.415437
-0.445493
-0.487735
-0.52537
-0.418106
-0.458974
-0.44147
-0.491884
-0.476494
-0.486735
-0.446688
-0.464193
-0.466631
-0.459046
-0.389215
-0.429594
-0.484034
-0.461685
-0.550938
-0.573557
-0.49507
-0.422038
-0.403169
-0.425858
-0.408919
-0.404067
-0.458393
-0.438919
-0.458392
-0.392863
-0.403506
-0.432199
-0.424355
-0.44121
-0.410526
-0.437358
-0.374101
-0.326293
-0.441994
-0.477984
-0.395646
-0.420353
-0.439816
-0.396223
-0.325146
-0.329224
-0.406322
-0.38702
-0.384539
-0.37735
-0.448973
-0.384232
-0.451464
-0.449967
-0.490383
-0.447279
-0.408411
-0.33905
-0.357373
-0.361292
-0.377704
-0.387303
-0.378872
-0.310182
-0.410411
-0.429251
-0.369013
-0.421009
-0.387236
-0.346242
-0.357141
-0.360169
-0.438154
-0.367212
-0.34016
-0.328938
-0.343478
-0.329033
-0.385134
-0.363664
-0.320749
-0.309901
-0.34708
-0.383514
-0.420383
-0.403717
-0.470868
-0.389004
-0.373892
-0.35475
-0.431501
-0.477613
-0.405756
-0.434046
-0.399599
-0.413904
-0.440632
-0.416171
-0.399938
-0.419918
-0.402194
-0.400299
-0.347047
-0.343834
-0.386829
-0.358363
-0.379988
-0.406602
-0.480986
-0.462679
-0.416898
-0.454544
-0.386925
-0.399041
-0.404708
-0.389493
-0.448619
-0.44638
-0.390553
-0.450925
-0.453504
-0.425187
-0.392481
-0.363734
-0.353503
-0.336458
-0.357035
-0.407193
-0.441088
-0.415921
-0.411291
-0.362581
-0.441249
-0.425681
-0.439481
-0.352568
-0.3478
-0.394819
-0.413756
-0.426528
-0.401776
-0.430529
-0.427375
-0.429425
-0.387266
-0.425258
-0.440313
-0.47622
-0.438144
-0.463273
-0.436616
-0.461136
-0.438278
-0.408488
-0.441802
-0.53554
-0.536631
-0.475967
-0.405337
-0.439838
-0.423568
-0.463866
-0.460049
-0.46132
-0.398374
-0.381166
-0.423917
-0.37533
-0.379514
-0.391196
-0.374496
-0.384623
-0.371208
-0.439209
-0.465221
-0.338491
-0.356196
-0.341249
-0.354447
-0.406861
-0.378261
-0.285629
-0.338971
-0.358225
-0.380312
-0.394618
-0.377495
-0.398227
-0.386382
-0.357994
-0.297244
-0.329203
-0.331626
-0.380605
-0.394485
-0.37129
-0.37105
-0.362436
-0.389074
-0.338569
-0.35247
-0.404299
-0.334526
-0.417325
-0.372388
-0.365845
-0.392397
-0.381916
-0.412885
-0.420839
-0.337958
-0.350172
-0.412058
-0.345135
-0.433584
-0.444354
-0.442951
-0.384401
-0.361177
-0.385936
-0.439273
-0.424182
-0.438794
-0.432252
-0.375827
-0.306031
-0.408539
-0.385287
-0.387627
-0.452749
-0.463156
-0.423853
-0.407724
-0.411335
-0.399834
-0.391471
-0.429214
-0.478593
-0.467644
-0.418123
-0.471264
-0.50677
-0.419749
-0.402261
-0.437712
-0.381295
-0.401834
-0.35987
-0.369058
-0.388299
-0.422192
-0.391525
-0.481856
-0.425796
-0.396755
-0.406487
-0.408946
-0.46367
-0.4693
-0.509025
-0.44553
-0.37444
-0.383939
-0.450072
-0.441275
-0.361194
-0.384509
-0.374385
-0.409851
-0.421562
-0.394333
-0.345507
-0.34049
-0.377248
-0.470912
-0.396112
-0.401869
-0.375731
-0.419358
-0.468664
-0.516245
-0.518439
-0.443492
-0.412115
-0.292382
-0.383241
-0.437554
-0.390039
-0.395358
-0.408617
-0.421757
-0.447777
-0.418592
-0.431957
-0.421646
-0.466617
-0.487223
-0.448381
-0.450065
-0.427027
-0.448158
-0.339963
-0.415752
-0.450854
-0.404562
-0.360244
-0.372829
-0.411414
-0.392605
-0.409727
-0.440193
-0.359021
-0.408729
-0.4086
-0.401896
-0.429508
-0.436941
-0.436809
-0.410249
-0.505656
-0.572513
-0.461491
-0.444946
-0.405311
-0.331533
-0.35684
-0.401791
-0.420937
-0.421997
-0.413392
-0.406616
-0.396096
-0.408634
-0.437775
-0.388642
-0.464761
-0.384735
-0.358367
-0.376174
-0.354632
-0.370566
-0.406527
-0.460546
-0.421508
-0.328294
-0.353422
-0.382565
-0.313487
-0.344301
-0.307421
-0.383583
-0.426048
-0.386559
-0.377077
-0.379723
-0.410532
-0.386129
-0.462856
-0.381461
-0.32837
-0.344907
-0.331672
-0.314927
-0.391201
-0.383549
-0.422198
-0.380261
-0.35594
-0.374869
-0.473755
-0.405224
-0.493279
-0.474603
-0.452854
-0.4757
-0.411285
-0.504695
-0.484188
-0.463015
-0.437125
-0.386179
-0.392587
-0.351248
-0.438196
-0.387762
