0.056485
0.0581345
0.0473742
0.0524341
0.0454787
0.0374587
0.0399992
0.0542187
0.0397818
0.0455084
0.0467239
0.0447681
0.0459654
0.0592096
0.0532568
0.0416413
0.0428847
0.0673941
0.0414281
0.0381838
0.0398622
0.0418314
0.0402396
0.0464165
0.0520668
0.039816
0.0416768
0.0507562
0.0427455
0.0389023
0.0439713
0.0401666
0.0441051
0.0516574
0.0441375
0.0609043
0.0446194
0.0394357
0.0419586
0.0607355
0.0591928
0.0476784
0.0490603
0.0544013
0.0409319
0.0533104
0.0400471
0.0445659
0.04189
0.0526607
0.05715
0.0545892
0.0523721
0.0584516
0.0418755
0.0483494
0.0402141
0.0440458
0.0517245
0.0484234
0.0513898
0.0521123
0.0465897
0.058886
0.0460267
0.0361318
0.0403194
0.0433288
0.0501003
0.0462719
0.0414292
0.0389703
0.0355069
0.0363618
0.0448043
0.0457434
0.0545994
0.0465377
0.0428253
0.0510674
0.0429356
0.0514649
0.0404018
0.0509441
0.0467118
0.0532785
0.0459447
0.0491946
0.0437585
0.036315
0.0400222
0.0476869
0.0457747
0.036732
0.0517984
0.0533533
0.0441977
0.0422689
0.048587
0.0541014
0.0514611
0.0629276
0.0500939
0.0592881
0.0470135
0.0431256
0.0561488
0.0350915
0.0402169
0.0476305
0.0530273
0.048991
0.0428932
0.0377224
0.039994
0.0400279
0.0627504
0.0587897
0.0555527
0.0514306
0.0514391
0.0477909
0.0557144
0.0489891
0.0505304
0.0465654
0.0541575
0.0469407
0.0620993
0.0549648
0.0542837
0.0428674
0.0517804
0.0541571
0.0575543
0.0440842
0.042613
0.0388948
0.0518025
0.0529373
0.060155
0.0509015
0.0640864
0.0643989
0.0447476
0.0584912
0.0534702
0.0412628
0.0493103
0.0427414
0.0404141
0.0428577
0.0419907
0.0405482
0.0499265
0.0455202
0.0513393
0.0428691
0.0464992
0.0451843
0.0370124
0.0510522
0.0518919
0.0435513
0.0418768
0.0598358
0.045977
0.047419
0.0672269
0.0532438
0.0472932
0.0571544
0.0553101
0.0489972
0.0554105
0.0477871
0.0394037
0.0455552
0.0512466
0.0366832
0.0544232
0.0465641
0.0489934
0.0536055
0.0595252
0.0421679
0.0451906
0.0459499
0.0420123
0.0416704
0.0456435
0.0432966
0.0446527
0.0429972
0.0518246
0.0547813
0.0514011
0.0409788
0.0574714
0.0438809
0.041212
0.0499755
0.0361277
0.0522754
0.0465079
0.0497999
0.047671
0.0503788
0.0479909
0.0413449
0.0358493
0.0409644
0.044603
0.0565589
0.059461
0.0503372
0.0426073
0.0483953
0.0443848
0.0611865
0.0598285
0.0688983
0.0660962
0.0600465
0.0663007
0.0538107
0.0618151
0.0611758
0.0581398
0.0596257
0.0488681
0.0421947
0.050598
0.0427096
0.0531997
0.0452784
0.0366876
0.0425806
0.0391953
0.0434226
0.0431652
0.0488082
0.0482321
0.0433927
0.0472271
0.0544491
0.0495444
0.0595646
0.0579581
0.0562745
0.0513762
0.0500022
0.0512611
0.0404955
0.0546686
0.0522758
0.0471333
0.0499833
0.0599569
0.0453651
0.0480549
0.0457742
0.045707
0.0521835
0.0578678
0.0440844
0.0554281
0.0390178
0.047444
0.0498525
0.0433391
0.0535975
0.0481478
0.0509797
0.0498872
0.0398073
0.0445067
0.0558287
0.0574348
0.0498063
0.0625347
0.0661305
0.0613948
0.0556711
0.044717
0.0558999
0.0524712
0.044618
0.0394665
0.0417742
0.0587556
0.0474114
0.0480144
0.046936
0.0629344
0.0456472
0.0397247
0.0416943
0.0363096
0.0317666
0.0387976
0.0443314
0.0396386
0.0465599
0.0481059
0.0546015
0.0653912
0.0519448
0.0550712
0.0471284
0.0674055
0.0407367
0.0491733
0.0435401
0.0598823
0.0556092
0.0560431
0.0511765
0.0471251
0.0520621
0.0524679
0.0470533
0.0641402
0.0442919
0.0616126
0.0401171
0.0500093
0.0506086
0.0419018
0.0417924
0.0379933
0.04223
0.0427744
0.0410222
0.0564571
0.0505708
0.0369123
0.0447751
0.0542877
0.0381174
0.038396
0.0372779
0.0413854
0.0451268
0.0497726
0.0607462
0.0553254
0.0452973
0.0539458
0.0479337
0.0668509
0.0786139
0.0426435
0.0440645
0.0469767
0.0484121
0.0478356
0.0342035
0.0411842
0.0487375
0.0455239
0.042621
0.0554838
0.0532778
0.0601379
0.0657043
0.0494972
0.0438903
0.0735937
0.0465922
0.0584922
0.0680184
0.0484278
0.051624
0.046187
0.0517909
0.0451278
0.0440917
0.0524302
0.0595372
0.0558948
0.0532112
0.052957
0.0484873
0.0626672
0.0485895
0.0431537
0.0407986
0.038914
0.057096
0.0614998
0.053762
0.0628146
0.0447332
0.0508115
0.0510449
0.0625775
0.0485514
0.0384447
0.0446025
0.0364519
0.0404144
0.0407033
0.0410498
0.0534152
0.0438749
0.0471659
0.0620813
0.0511604
0.0563716
0.0577515
0.0580507
0.0466324
0.0477806
0.0605574
0.0553604
0.0423526
0.0453716
0.0431406
0.0459191
0.0444489
0.0463451
0.0514964
0.0536295
0.0559766
0.0523636
0.0633304
0.0565699
0.0533837
0.0391882
0.0478438
0.0303021
0.0369722
0.0503795
0.0434953
0.0520106
0.0375549
0.045334
0.0472317
0.0428125
0.054126
0.0582723
0.0530143
0.0545255
0.0456709
0.0418409
0.0566312
0.0660431
0.0487276
0.0425485
0.0544491
0.0612075
0.0408096
0.0492608
0.0496753
0.0497067
0.0442417
0.0625115
0.0491676
0.0433679
0.0521727
0.0464007
0.0503067
0.0566626
0.056119
0.0609062
0.0456109
0.0616074
0.052092
0.0602949
0.0614625
0.0522968
0.0645608
0.0589056
0.0572874
0.0503122
0.0429004
0.0549292
0.0440189
0.0445257
0.0444323
0.0405141
0.0361905
0.0483501
0.061245
0.0586066
0.0579923
0.0391626
0.056673
0.0546751
0.0458741
0.036994
0.0493923
0.0443681
0.037926
0.0509564
0.0471071
0.0397485
0.0430692
0.0511727
0.0492716
0.0406188
0.0445281
0.04286
0.0438998
0.056072
0.0585573
0.0607436
0.0477622
0.0483032
0.0474195
0.0700212
0.0551262
0.0560439
0.0474901
0.0510628
0.0463849
0.0468198
0.044593
0.0375105
0.0388697
0.0583273
0.0530989
0.05094
0.0408226
0.0401825
0.043665
0.0460506
0.0426848
0.0441572
0.0378418
0.0444563
0.0472706
0.0533549
0.0417169
0.0418914
0.0418007
0.0408699
0.0388967
0.0530625
0.0497117
0.0547925
0.0363589
0.0563058
0.0567971
0.0422396
0.0556302
0.053505
0.0477126
0.050671
0.0429582
0.0496708
0.0496885
0.0385159
0.0485738
0.0524039
0.050759
0.0497154
0.0500646
0.0428402
0.0435379
0.0552459
0.0443299
0.0521754
0.0394055
0.0410003
0.0391631
0.0413093
0.0367921
0.037064
0.04823
0.0433621
0.041125
0.0461679
0.0525286
0.0453363
0.0401205
0.0341505
0.0483003
0.0539194
0.0419251
0.0486759
0.0531065
0.0485315
0.0375351
0.0345122
0.0459327
0.0493245
0.0428049
0.0497078
0.0462886
0.0414151
0.0465367
0.0445565
0.0436597
0.0505023
0.0687504
0.0492104
0.0636711
0.0595896
0.0415995
0.0483348
0.0466826
0.0449916
0.0589117
0.0487462
0.0491836
0.0644826
0.0486719
0.0467731
0.0401262
0.0577396
0.043759
0.0431701
0.0486138
0.0455956
0.057036
0.0500075
0.039225
0.0393479
0.0438701
0.0523546
0.0475327
0.0518602
0.0471812
0.0535426
0.0486013
0.0409671
0.0619246
0.0431456
0.0496256
0.0595676
0.0457731
0.0520157
0.0440799
0.0499719
0.0485104
0.0543168
0.0534506
0.0559074
0.0419157
0.0447475
0.0508131
0.060358
0.0480868
0.0490628
0.0511525
0.0492748
0.0473209
0.0548156
0.0471971
0.0578398
0.0466386
0.0492605
0.047847
0.0450929
0.0433775
0.0446856
0.0449479
0.0396087
0.0584437
0.0581016
0.0523827
0.057163
0.0492293
0.046066
0.0483111
0.0486054
0.0503353
0.0486395
0.0430799
0.0551188
0.0418149
0.0520501
0.0456797
0.0477164
0.052111
0.071491
0.0688243
0.0630943
0.0452056
0.0370267
0.0418727
0.0374678
0.0431687
0.0427723
0.042729
0.0434883
0.0614509
0.04957
0.0415665
0.0478665
0.045898
0.0475037
0.0440275
0.042635
0.0395653
0.0544007
0.0658039
0.0640262
0.046728
0.0356127
0.0408299
0.0488526
0.0582563
0.043546
0.0408411
0.040218
0.0376454
0.0465303
0.0733712
0.0731214
0.0663209
0.061112
0.054956
0.0682027
0.0614367
0.0489025
0.050953
0.0562471
0.0575402
0.0543712
0.057783
0.0563069
0.0571088
0.0677262
0.0617533
0.0698433
0.0533081
0.0517254
0.0659498
0.0628935
0.042556
0.0389432
0.0343203
0.0447111
0.0433208
0.0644467
0.0632323
0.0585229
0.0590142
0.053657
0.0581938
0.0476077
0.0658818
0.0366399
0.0478332
0.0490962
0.0364721
0.0487547
0.0643195
0.0456515
0.0638534
0.0384882
0.0420694
0.0452889
0.0343546
0.0411395
0.0429912
0.0471698
0.0608786
0.0415816
0.05042
0.0443395
0.0612
0.0539022
0.0510215
0.0467582
0.0637972
0.0511999
0.0601805
0.043393
0.0438164
0.0553205
0.0643734
0.0670517
0.0721254
0.0603372
0.0692368
0.0594699
0.0547038
0.0628454
0.046974
0.0413656
0.0584253
0.048297
0.0495418
0.0495735
0.0648483
0.0504607
0.0540465
0.0576631
0.0479995
0.0433861
0.0425825
0.0534586
0.0570548
0.0478416
0.0527183
0.0478169
0.0392222
0.0422831
0.0408515
0.0482982
0.0477049
0.0525797
0.0446037
0.0528357
0.0564027
0.0473951
0.0550408
