         100           0           0           0           0
         100    0.064633           0           0           0
         100    0.129266           0           0           0
         100    0.193899           0           0           0
         100    0.258532           0           0           0
         100    0.323165           0           0           0
         100    0.387798           0           0           0
         100    0.452431           0           0           0
         100    0.517064           0           0           0
         100    0.581697           0           0           0
         100     0.64633           0           0           0
         100    0.710963           0           0           0
         100    0.775596           0           0           0
         100     0.84023           0           0           0
         100    0.904863    0.622782     0.12248   0.0174174
         100    0.969496     1.27176    0.956548   0.0530386
         100     1.03413     1.84382     1.64581   0.0690788
         100     1.09876     1.63918     1.77388   0.0628195
         100     1.16339     1.27548     1.78248   0.0742918
         100     1.22803     2.35349     1.52288   0.0475837
         100     1.29266    0.571336     1.35095   0.0494261
         100     1.35729     1.36942       1.266   0.0434332
         100     1.42193     1.98342     1.18962   0.0431225
         100     1.48656     1.42296     1.11861    0.037209
         100     1.55119     1.16372     1.13318   0.0375616
         100     1.61583     1.51067     1.05579   0.0337914
         100     1.68046     1.15014     1.05502   0.0289345
         100     1.74509     1.44328     1.07668   0.0310336
         100     1.80973    0.779393     1.01187     0.03081
         100     1.87436    0.903045    0.944936   0.0262123
         100     1.93899    0.422403    0.948998   0.0259378
         100     2.00362     1.25404    0.960767   0.0294723
         100     2.06826    0.640698    0.994529   0.0275088
         100     2.13289    0.641926     1.00607   0.0277243
         100     2.19752    0.807006    0.966023   0.0231867
         100     2.26216    0.554316      1.0092   0.0256656
         100     2.32679     1.16342    0.995301   0.0234998
         100     2.39142     1.05563    0.953796   0.0224676
         100     2.45606     1.16352    0.930374   0.0220858
         100     2.52069    0.951446     0.94389   0.0216015
         100     2.58532    0.851806    0.950961      0.0217
         100     2.64995    0.747872    0.932178   0.0215209
         100     2.71459     1.01525    0.963885   0.0185907
         100     2.77922     0.70376     1.00672   0.0202585
         100     2.84385     1.24576     1.04621   0.0182018
         100     2.90849     1.13888    0.975425   0.0174627
         100     2.97312      1.1409    0.957146   0.0186888
         100     3.03775      1.1224      0.9582   0.0197993
         100     3.10239    0.983784    0.943133   0.0169065
         100     3.16702    0.980077    0.961277    0.016065
         100     3.23165    0.950208    0.970068   0.0203513
         100     3.29629    0.905435    0.974824   0.0157721
         100     3.36092     1.13265    0.957924   0.0170132
         100     3.42555    0.839006    0.985451   0.0181227
         100     3.49018     0.75705    0.939624   0.0174013
         100     3.55482    0.928466    0.963904   0.0181588
         100     3.61945     0.97112    0.993483    0.017219
         100     3.68408    0.990461    0.969595   0.0144613
         100     3.74872    0.893096    0.988913   0.0135576
         100     3.81335    0.739997     0.97809   0.0145971
         100     3.87798     1.12729     1.01151   0.0133014
         100     3.94262     1.08515    0.982294   0.0144307
         100     4.00725     1.05071     1.01035   0.0126538
         100     4.07188    0.915004    0.959509   0.0120361
         100     4.13651     1.15973    0.980523   0.0131612
         100     4.20115     1.15003    0.962821   0.0120726
         100     4.26578    0.873805    0.949683   0.0134585
         100     4.33041    0.809774    0.969141   0.0111403
         100     4.39505     1.03755    0.989068    0.010944
         100     4.45968    0.971749    0.960766   0.0120579
         100     4.52431     1.06737    0.984217   0.0121904
         100     4.58895      1.0548    0.989506   0.0113458
         100     4.65358    0.930374    0.980257   0.0115653
         100     4.71821     0.83653    0.974497   0.0104483
         100     4.78285     0.88896    0.989656   0.0111287
         100     4.84748    0.938336    0.962426   0.0103117
         100     4.91211     1.06691    0.982158  0.00915236
         100     4.97674     1.09045    0.973442  0.00998405
         100     5.04138     1.01679    0.982704   0.0101021
         100     5.10601    0.974096    0.976168  0.00943406
         100     5.17064    0.973628    0.965442  0.00944246
         100     5.23528    0.923588     1.01006   0.0110459
         100     5.29991    0.930202    0.999166   0.0101069
         100     5.36454     1.05209    0.981577   0.0102995
         100     5.42918    0.963129    0.998414   0.0111951
         100     5.49381      1.2125     1.01904  0.00952894
         100     5.55844     1.10585     0.99141  0.00912753
         100     5.62307     1.00943     1.00093  0.00863664
         100     5.68771     1.08988     1.01242  0.00873877
         100     5.75234    0.981171     1.00428  0.00894882
         100     5.81697     1.00759     1.00172   0.0100894
         100     5.88161    0.985684      1.0091   0.0105985
         100     5.94624     1.22475     1.00001  0.00886646
         100     6.01087      1.0014     1.00877  0.00978502
         100     6.07551     1.10989     1.00189  0.00921726
         100     6.14014     1.07959    0.996812  0.00981726
         100     6.20477     1.02451    0.968289   0.0083765
         100      6.2694    0.824468    0.969451  0.00769166
         100     6.33404     1.00358    0.972998  0.00921211
         100     6.39867     1.06289    0.969041   0.0089135
