                 1          0.395743          0.395743                 0
                 2          0.410534          0.403138         0.0073953
                 3          0.426031          0.410769        0.00874416
                 4           0.42146          0.413442        0.00673602
                 5          0.419617          0.414677        0.00536188
                 6          0.427378          0.416794        0.00486289
                 7          0.413504          0.416324        0.00413668
                 8           0.41449          0.416095         0.0035898
                 9           0.40241          0.414574        0.00351209
                10          0.409831            0.4141        0.00317692
                11          0.423474          0.414952        0.00299733
                12          0.429308          0.416148        0.00298628
                13          0.409094          0.415606        0.00280007
                14          0.427601          0.416463        0.00273028
                15          0.446849          0.418488        0.00325025
                16          0.420489          0.418613         0.0030429
                17          0.429054          0.419228        0.00292355
                18          0.410391          0.418737        0.00279972
                19          0.427526          0.419199        0.00268837
                20           0.42746          0.419612        0.00258364
                21          0.430124          0.420113        0.00250799
                22          0.422288          0.420212        0.00239332
                23          0.440454          0.421092         0.0024504
                24          0.418945          0.421002        0.00234779
                25           0.40952          0.420543        0.00229828
                26           0.41765          0.420432        0.00221091
                27          0.411561          0.420103        0.00215267
                28          0.400862          0.419416        0.00218523
                29          0.409814          0.419085        0.00213437
                30          0.432233          0.419523        0.00210806
                31          0.416318           0.41942        0.00204154
                32           0.43211          0.419816         0.0020161
                33          0.414598          0.419658        0.00196044
                34          0.431878          0.420018        0.00193556
                35          0.404693           0.41958        0.00192978
                36          0.403691          0.419138        0.00192664
                37          0.398771          0.418588        0.00195303
                38           0.41665          0.418537        0.00190162
                39          0.414354           0.41843        0.00185532
                40          0.413614          0.418309        0.00181235
                41          0.421642          0.418391        0.00176946
                42          0.413191          0.418267        0.00173125
                43          0.408544          0.418041        0.00170556
                44          0.416965          0.418016        0.00166653
                45           0.41072          0.417854        0.00163712
                46          0.423068          0.417967        0.00160515
                47          0.402056          0.417629        0.00160669
                48          0.413673          0.417546        0.00157502
                49          0.413625          0.417466        0.00154462
                50           0.45372          0.418192        0.00167814
