                 1         -0.760136         -0.760136                 0
                 2          -0.76492         -0.762528          0.002392
                 3         -0.762832         -0.762629        0.00138473
                 4         -0.757552          -0.76136        0.00160311
                 5          -0.76288         -0.761664        0.00127843
                 6          -0.76148         -0.761633        0.00104429
                 7         -0.759968         -0.761395       0.000914084
                 8         -0.762792          -0.76157        0.00081064
                 9         -0.762216         -0.761642       0.000718512
                10         -0.757768         -0.761254       0.000750379
                11         -0.760528         -0.761188       0.000681948
                12          -0.76572         -0.761566       0.000728117
                13          -0.76692         -0.761978       0.000786263
                14         -0.760552         -0.761876       0.000735028
                15         -0.763392         -0.761977       0.000691697
                16         -0.758264         -0.761745       0.000687382
                17         -0.760192         -0.761654       0.000652114
                18         -0.757312         -0.761412        0.00066044
                19         -0.764984           -0.7616       0.000652382
                20         -0.763656         -0.761703        0.00062738
                21          -0.76064         -0.761653       0.000598901
                22         -0.760976         -0.761622       0.000571857
                23         -0.764064         -0.761728       0.000556649
                24          -0.76112         -0.761703       0.000533553
                25          -0.76056         -0.761657       0.000513803
                26         -0.761864         -0.761665        0.00049371
                27         -0.763896         -0.761748       0.000482206
                28         -0.759784         -0.761677       0.000469927
                29         -0.762008         -0.761689       0.000453577
                30         -0.761048         -0.761667       0.000438717
                31         -0.766648         -0.761828       0.000453726
                32         -0.759392         -0.761752       0.000445866
                33         -0.764984          -0.76185       0.000443103
                34         -0.762632         -0.761873       0.000430488
                35         -0.761224         -0.761854       0.000418418
                36         -0.761032         -0.761832       0.000407271
                37          -0.76168         -0.761827       0.000396132
                38         -0.760664         -0.761797        0.00038678
                39         -0.763872          -0.76185       0.000380471
                40            -0.761         -0.761829       0.000371446
                41         -0.763168         -0.761861       0.000363742
                42         -0.759288           -0.7618       0.000360226
                43          -0.76004         -0.761759       0.000354122
                44         -0.761352          -0.76175       0.000346104
                45            -0.764           -0.7618          0.000342
                46         -0.763312         -0.761833       0.000336094
                47         -0.762856         -0.761855       0.000329585
                48         -0.761048         -0.761838       0.000323083
                49         -0.759632         -0.761793       0.000319607
                50         -0.762432         -0.761806       0.000313411
