                 1          0.413019          0.413019                 0
                 2          0.414004          0.413512       0.000492902
                 3          0.425754          0.417592        0.00409056
                 4          0.423747          0.419131        0.00327628
                 5          0.414591          0.418223        0.00269531
                 6          0.445914          0.422838        0.00511295
                 7          0.408111          0.420734        0.00480616
                 8          0.426812          0.421494        0.00423102
                 9          0.440898           0.42365        0.00430947
                10          0.422664          0.423551        0.00385576
                11          0.412658          0.422561        0.00362555
                12          0.409053          0.421435        0.00349584
                13          0.423788          0.421616        0.00322079
                14          0.412903          0.420994        0.00304613
                15          0.433992           0.42186        0.00296523
                16          0.434496           0.42265        0.00288394
                17          0.412886          0.422076         0.0027692
                18          0.404222          0.421084        0.00279289
                19          0.433082          0.421715        0.00271623
                20          0.417899          0.421525         0.0025839
                21          0.422888           0.42159        0.00245864
                22           0.41101          0.421109        0.00239304
                23          0.413571          0.420781        0.00230999
                24          0.426038             0.421        0.00222247
                25          0.411292          0.420612        0.00216679
                26          0.425324          0.420793        0.00208966
                27          0.434918          0.421316        0.00207772
                28          0.428995           0.42159        0.00202084
                29          0.420408           0.42155        0.00195034
                30           0.42224          0.421573        0.00188435
                31          0.408406          0.421148        0.00187138
                32           0.42615          0.421304        0.00181869
                33           0.41829          0.421213        0.00176508
                34          0.418113          0.421122         0.0017148
                35          0.404064          0.420634        0.00173495
                36          0.415967          0.420505        0.00169104
                37          0.427532          0.420695        0.00165563
                38          0.419407          0.420661        0.00161183
                39          0.408072          0.420338         0.0016028
                40          0.431808          0.420625        0.00158831
                41          0.414541          0.420476        0.00155618
                42          0.431378          0.420736         0.0015407
                43          0.416754          0.420643        0.00150729
                44          0.414458          0.420503        0.00147933
                45          0.397666          0.419995        0.00153254
                46          0.422537           0.42005        0.00149987
                47          0.416445          0.419974        0.00146962
                48          0.406589          0.419695        0.00146545
                49          0.436437          0.420037        0.00147534
                50          0.430214           0.42024        0.00145979
