                 1           7.13226           7.13226                 0
                 2           7.58542           7.35884           0.22658
                 3            7.7777           7.49846          0.191328
                 4           6.99911           7.37362          0.184085
                 5           7.52998           7.40489           0.14598
                 6           6.85646           7.31349          0.150205
                 7           7.32162           7.31465          0.126952
                 8           7.56819           7.34634           0.11442
                 9           7.11393           7.32052          0.104161
                10           6.05869           7.19433           0.15685
                11           6.91758           7.16917          0.144089
                12           7.29677           7.17981          0.131964
                13           7.21038           7.18216          0.121412
                14           7.08686           7.17535          0.112612
                15           8.28694           7.24946          0.128383
                16           6.34945           7.19321          0.132613
                17           7.85761           7.23229          0.130555
                18           6.51482           7.19243          0.129381
                19           7.29455            7.1978            0.1225
                20           7.58062           7.21695           0.11778
                21           7.65429           7.23777           0.11395
                22           7.68669           7.25818          0.110547
                23           8.12748           7.29597          0.112189
                24            7.2013           7.29203          0.107486
                25           7.03869           7.28189          0.103593
                26           7.44811           7.28829         0.0997344
                27           7.11702           7.28194         0.0961789
                28           6.68649           7.26068         0.0950889
                29           7.56439           7.27115         0.0923472
                30           7.48201           7.27818         0.0894923
                31           8.75446            7.3258         0.0987927
                32           7.12956           7.31967          0.095852
                33           7.46724           7.32414         0.0930096
                34           8.20159           7.34995         0.0938506
                35           6.77302           7.33346         0.0926085
                36           7.13174           7.32786         0.0901736
                37           7.23158           7.32526         0.0877412
                38           7.61269           7.33282         0.0857353
                39           7.60807           7.33988         0.0838058
                40           7.40789           7.34158         0.0817015
                41           7.35518           7.34191         0.0796845
                42           7.21371           7.33886          0.077824
                43           6.96846           7.33025         0.0764793
                44           7.56378           7.33555         0.0749092
                45           7.16569           7.33178         0.0733228
                46           8.02588           7.34687         0.0732814
                47           6.52094           7.32929         0.0738272
                48           7.33433            7.3294         0.0722729
                49           7.03221           7.32333         0.0710419
                50            8.4441           7.34575         0.0731268
