                 1          0.151208          0.151208                 0
                 2          0.121488          0.136348           0.01486
                 3          0.135476          0.136057        0.00858435
                 4          0.118492          0.131666        0.00749195
                 5          0.156596          0.136652          0.007651
                 6           0.12442          0.134613        0.00657125
                 7            0.1555          0.137597        0.00630452
                 8          0.112232          0.134427        0.00631373
                 9          0.170392          0.138423        0.00685376
                10           0.09892          0.134472        0.00729273
                11          0.176376          0.138282        0.00761746
                12            0.1435          0.138717        0.00696734
                13          0.165948          0.140811        0.00674266
                14          0.075996          0.136182         0.0077719
                15           0.16968          0.138415        0.00757206
                16            0.1548          0.139439        0.00715666
                17           0.16954           0.14121        0.00695179
                18           0.18116          0.143429         0.0069198
                19          0.161836          0.144398        0.00661678
                20          0.137756          0.144066        0.00628601
                21          0.104736          0.142193        0.00626564
                22           0.15272          0.142671        0.00599319
                23          0.160188          0.143433        0.00577711
                24           0.14148          0.143352        0.00553176
                25          0.126412          0.142674        0.00534897
                26          0.174392          0.143894        0.00528193
                27           0.12528          0.143205        0.00512908
                28           0.16712          0.144059        0.00501576
                29          0.187652          0.145562        0.00506779
                30          0.102312           0.14412         0.0051038
                31          0.127912          0.143597        0.00496403
                32          0.152328           0.14387        0.00481414
                33           0.16906          0.144634          0.004728
                34          0.175076          0.145529         0.0046734
                35          0.151224          0.145692        0.00454083
                36          0.115948          0.144865        0.00448957
                37          0.121676          0.144239         0.0044113
                38           0.12944          0.143849        0.00431127
                39           0.12862          0.143459        0.00421738
                40          0.107492           0.14256        0.00420779
                41          0.167064          0.143157        0.00414717
                42          0.111008          0.142392        0.00411898
                43           0.10226          0.141459        0.00412891
                44          0.131292          0.141227        0.00404059
                45          0.092172          0.140137        0.00409745
                46          0.186612          0.141148        0.00413278
                47          0.163548          0.141624        0.00407189
                48           0.12488          0.141275        0.00400139
                49          0.193004          0.142331        0.00405858
                50          0.195748          0.143399        0.00411759
