                 1          0.153392          0.153392                 0
                 2          0.178332          0.165862           0.01247
                 3          0.136404          0.156043         0.0121759
                 4          0.104712           0.14321         0.0154533
                 5          0.179208           0.15041         0.0139684
                 6          0.148024          0.150012         0.0114121
                 7          0.149256          0.149904        0.00964558
                 8          0.166484          0.151977        0.00860658
                 9          0.125092          0.148989        0.00815694
                10           0.15818          0.149908        0.00735345
                11          0.153084          0.150197        0.00665771
                12          0.153532          0.150475        0.00608398
                13          0.152428          0.150625        0.00559846
                14          0.151556          0.150692        0.00518359
                15          0.151724          0.150761        0.00482615
                16          0.136256          0.149854        0.00460457
                17          0.121368          0.148178        0.00463848
                18           0.16366          0.149038        0.00445698
                19           0.11478          0.147235        0.00458527
                20          0.164868          0.148117        0.00443842
                21            0.1381           0.14764        0.00424864
                22          0.124292          0.146579        0.00418763
                23          0.163396           0.14731        0.00406767
                24            0.1522          0.147514        0.00389983
                25          0.160224          0.148022        0.00377498
                26          0.092756          0.145896        0.00420387
                27          0.144984          0.145863        0.00404532
                28          0.106036           0.14444        0.00414956
                29          0.133248          0.144054        0.00402247
                30          0.167004          0.144819        0.00396066
                31          0.177016          0.145858        0.00396906
                32          0.122364          0.145124        0.00391253
                33          0.138896          0.144935        0.00379681
                34          0.115332          0.144064        0.00378495
                35          0.162432          0.144589         0.0037125
                36          0.107252          0.143552        0.00375401
                37          0.142448          0.143522        0.00365126
                38          0.138284          0.143384        0.00355655
                39          0.154504          0.143669        0.00347587
                40            0.1716          0.144368        0.00345907
                41          0.112656          0.143594        0.00346118
                42          0.146376           0.14366        0.00337841
                43          0.157644          0.143986         0.0033149
                44          0.167508           0.14452        0.00328251
                45            0.0977           0.14348        0.00337321
                46          0.148052          0.143579        0.00330056
                47          0.185796          0.144477        0.00335215
                48          0.142676           0.14444        0.00328179
                49          0.101864          0.143571        0.00332949
                50          0.137348          0.143447         0.0032646
