                 1         -0.760864         -0.760864                 0
                 2          -0.76752         -0.764192          0.003328
                 3          -0.76036         -0.762915        0.00230726
                 4          -0.76076         -0.762376         0.0017181
                 5         -0.759888         -0.761878        0.00142082
                 6         -0.761992         -0.761897        0.00116025
                 7          -0.76388         -0.762181        0.00102068
                 8         -0.762136         -0.762175        0.00088395
                 9         -0.762256         -0.762184       0.000779623
                10         -0.761056         -0.762071        0.00070638
                11         -0.762032         -0.762068       0.000638955
                12         -0.763208         -0.762163       0.000590974
                13          -0.76736         -0.762562         0.0006748
                14         -0.758936         -0.762303       0.000676316
                15         -0.759304         -0.762103       0.000660606
                16         -0.759904         -0.761966       0.000633046
                17         -0.759088         -0.761797       0.000618273
                18         -0.762408         -0.761831       0.000583902
                19         -0.765496         -0.762024       0.000585036
                20         -0.763808         -0.762113        0.00056214
                21          -0.76208         -0.762111       0.000534704
                22         -0.762256         -0.762118       0.000509863
                23         -0.761104         -0.762074       0.000489181
                24         -0.763232         -0.762122       0.000470835
                25         -0.764088         -0.762201       0.000458405
                26         -0.762728         -0.762221       0.000440888
                27          -0.76156         -0.762196        0.00042495
                28         -0.756712         -0.762001       0.000453927
                29           -0.7636         -0.762056       0.000441454
                30         -0.759928         -0.761985       0.000432342
                31         -0.762008         -0.761986       0.000418164
                32          -0.76156         -0.761972       0.000405104
                33         -0.761864         -0.761969        0.00039265
                34         -0.762648         -0.761989       0.000381449
                35           -0.7608         -0.761955       0.000371945
                36         -0.764736         -0.762032       0.000369628
                37          -0.76172         -0.762024       0.000359598
                38         -0.759008         -0.761944       0.000358892
                39         -0.761552         -0.761934       0.000349713
                40          -0.75992         -0.761884       0.000344559
                41         -0.760616         -0.761853        0.00033747
                42         -0.757296         -0.761745        0.00034675
                43         -0.759472         -0.761692        0.00034269
                44         -0.762904         -0.761719       0.000335942
                45          -0.76252         -0.761737       0.000328874
                46         -0.766728         -0.761846       0.000339452
                47         -0.763496         -0.761881       0.000334002
                48          -0.76024         -0.761846       0.000328751
                49         -0.760472         -0.761818       0.000323192
                50         -0.762088         -0.761824       0.000316708
