                 1           7.25296           7.25296                 0
                 2           7.52698           7.38997          0.137012
                 3           7.41156           7.39717         0.0794305
                 4           7.15278           7.33607         0.0829899
                 5           7.40569              7.35         0.0657742
                 6           7.43062           7.36343         0.0553602
                 7           7.72598           7.41523          0.069797
                 8           7.66426           7.44636          0.067991
                 9           7.45874           7.44773         0.0599782
                10           7.73617           7.47658         0.0609086
                11           7.07675           7.44023         0.0660037
                12           7.14661           7.41576         0.0650316
                13           7.71534            7.4388         0.0641055
                14            6.8188           7.39452          0.074052
                15           7.12806           7.37675         0.0711905
                16           7.50272           7.38463         0.0670563
                17           7.38622           7.38472         0.0629885
                18           7.31663           7.38094         0.0595065
                19           7.61507           7.39326         0.0576206
                20           7.12216           7.37971         0.0563193
                21           7.93443           7.40612         0.0597291
                22           7.14603            7.3943         0.0581636
                23           7.16015           7.38412         0.0565019
                24           7.78417           7.40079         0.0566063
                25           7.43125           7.40201         0.0543085
                26           7.79706            7.4172         0.0543453
                27           7.78307           7.43075          0.054021
                28           7.23465           7.42375         0.0525249
                29           7.70167           7.43333         0.0515795
                30           7.59841           7.43883         0.0501334
                31           6.96953            7.4237         0.0507976
                32           7.73416            7.4334         0.0501323
                33           7.71548           7.44195         0.0493356
                34           7.47441            7.4429         0.0478721
                35           7.50726           7.44474         0.0465205
                36           7.45126           7.44492         0.0452102
                37           7.36858           7.44286         0.0440197
                38           7.82297           7.45286         0.0439978
                39           7.08422           7.44341         0.0438848
                40           7.66376           7.44892         0.0431269
                41           7.06054           7.43944         0.0431154
                42           6.96059           7.42804         0.0435936
                43           6.88272           7.41536         0.0444167
                44           7.68317           7.42145         0.0438203
                45           7.31666           7.41912         0.0428986
                46           8.06138           7.43308         0.0442179
                47           6.69954           7.41747         0.0459958
                48           7.07805            7.4104         0.0455792
                49           7.79625           7.41828         0.0453285
                50           7.04744           7.41086         0.0450277
