         100           0           0           0           0
         100   0.0256496           0           0           0
         100   0.0512993           0           0           0
         100   0.0769489           0           0           0
         100    0.102599           0           0           0
         100    0.128248           0           0           0
         100    0.153898           0           0           0
         100    0.179547           0           0           0
         100    0.205197           0           0           0
         100    0.230847           0           0           0
         100    0.256496           0           0           0
         100    0.282146           0           0           0
         100    0.307796           0           0           0
         100    0.333445           0           0           0
         100    0.359095           0           0           0
         100    0.384745           0           0           0
         100    0.410394           0           0           0
         100    0.436044           0           0           0
         100    0.461694           0           0           0
         100    0.487343           0           0           0
         100    0.512993           0           0           0
         100    0.538642           0           0           0
         100    0.564292           0           0           0
         100    0.589942           0           0           0
         100    0.615591           0           0           0
         100    0.641241           0           0           0
         100    0.666891           0           0           0
         100     0.69254           0           0           0
         100     0.71819           0           0           0
         100     0.74384           0           0           0
         100    0.769489           0           0           0
         100    0.795139           0           0           0
         100    0.820788           0           0           0
         100    0.846438           0 1.42002e-05  2.5915e-06
         100    0.872088  0.00124719  0.00129139 2.29214e-05
         100    0.897737   0.0252214   0.0241491  0.00011036
         100    0.923387    0.161831     0.16512 0.000365672
         100    0.949037    0.561644    0.563483  0.00084496
         100    0.974686      1.1848     1.20316  0.00117993
         100     1.00034      1.8609     1.86368  0.00128952
         100     1.02599     2.33447     2.33856  0.00119921
         100     1.05164     2.56227     2.55326 0.000842004
         100     1.07728     2.55091     2.54977 0.000968486
         100     1.10293     2.40812     2.40752 0.000969661
         100     1.12858     2.20516     2.19798  0.00102043
         100     1.15423     1.97303     1.97239  0.00102909
         100     1.17988     1.75527     1.75425  0.00112537
         100     1.20553     1.56217     1.55824 0.000869888
         100     1.23118     1.39502     1.38908 0.000807374
         100     1.25683     1.24984     1.24432 0.000765475
         100     1.28248     1.11975     1.12493 0.000743915
         100     1.30813     1.02854     1.02304 0.000675494
         100     1.33378    0.941053     0.94117 0.000590021
         100     1.35943    0.874313    0.872701 0.000511404
         100     1.38508    0.815086    0.817225 0.000488988
         100     1.41073    0.774851    0.772361  0.00047461
         100     1.43638    0.745211    0.737271 0.000558828
         100     1.46203    0.712967    0.710312 0.000490387
         100     1.48768    0.692743    0.691265 0.000517099
         100     1.51333    0.677639    0.678154 0.000516313
         100     1.53898    0.673991    0.672345 0.000565077
         100     1.56463    0.665002    0.671042 0.000556996
         100     1.59028    0.674201    0.675798 0.000535304
         100     1.61593    0.685219    0.686145 0.000569751
         100     1.64158    0.701521    0.701899 0.000497652
         100     1.66723    0.722409    0.723408 0.000489983
         100     1.69288    0.747972    0.749802  0.00041646
         100     1.71853    0.777287    0.780434 0.000448639
         100     1.74418    0.812405    0.815959 0.000471076
         100     1.76983    0.849164    0.854012 0.000500722
         100     1.79547    0.891404    0.894348 0.000469603
         100     1.82112    0.931901    0.935609 0.000469858
         100     1.84677    0.976814    0.977912 0.000456402
         100     1.87242     1.01851     1.01844  0.00046872
         100     1.89807     1.06077      1.0585 0.000477218
         100     1.92372     1.09881     1.09587 0.000462829
         100     1.94937     1.13185     1.13062 0.000411702
         100     1.97502     1.15998     1.16216 0.000442186
         100     2.00067     1.18242     1.18588 0.000409608
         100     2.02632     1.19755     1.20426 0.000445478
         100     2.05197     1.21651     1.21359 0.000395512
         100     2.07762     1.21299     1.21503 0.000441731
         100     2.10327     1.21293     1.20841 0.000420463
         100     2.12892     1.19561     1.19433 0.000471218
         100     2.15457     1.17831     1.17426 0.000481103
         100     2.18022     1.15566     1.15006 0.000471002
         100     2.20587     1.12504     1.12311 0.000448795
         100     2.23152     1.10104     1.09542 0.000394705
         100     2.25717     1.06617     1.06646 0.000447429
         100     2.28282     1.04405     1.03871 0.000450612
         100     2.30847     1.01032     1.01209 0.000378494
         100     2.33412    0.990777    0.987974 0.000399936
         100     2.35977    0.969698    0.966178 0.000391042
         100     2.38542    0.945828    0.947032 0.000383581
         100     2.41107    0.930935    0.931351 0.000405019
         100     2.43672    0.918393    0.918401 0.000385181
         100     2.46237      0.9079    0.908696 0.000419478
         100     2.48802    0.890851    0.894918 0.000369254
         100     2.51366    0.883873    0.885938 0.000405659
         100     2.53931    0.880819    0.885753 0.000425535
