0
0
0
1.08396
-0.126472
1.2579
1.30653
1.30653
1.30653
0.236735
0.236735
0.328821
-0.449141
-0.938072
-1.08352
1.10009
1.10009
1.10009
1.10009
1.10009
1.10009
0.272576
0.272576
0.18853
0.18853
0.958219
0.958219
0.958219
-0.0606237
-0.0606237
-0.461433
-1.08943
0.093379
1.1442
-1.01051
-1.01051
1.11365
1.11365
1.11365
1.11365
1.11365
1.11365
-0.586405
-1.0314
-0.748568
-0.748568
-0.748568
-0.748568
-0.748568
-0.568573
-0.568573
-0.145787
-1.90017
-1.90017
-1.90017
-0.311484
-0.311484
1.04596
-0.817686
-1.23665
1.02564
1.02564
-0.541993
1.4483
1.4483
1.05421
1.05421
1.18148
1.18148
1.18148
1.18148
0.806426
0.806426
-0.489781
-0.489781
0.317509
-1.60651
-0.497511
0.967191
0.028419
0.561238
-0.709542
0.0483063
-1.11562
1.31659
0.183245
0.64921
0.495556
0.495556
0.495556
0.495556
1.06283
1.027
1.027
-3.34307e-05
-3.34307e-05
0.946129
1.71462
1.71462
1.71462
1.71462
1.71462
1.71462
1.71462
1.13614
-1.28966
-1.28966
-1.28966
-1.28966
-1.28966
-1.28966
-1.28966
1.17547
-0.720977
-0.720977
-1.28129
-1.01399
-0.681629
-0.593382
1.32582
1.64067
1.64067
-0.793719
-0.793719
-0.793719
0.873048
0.873048
-0.546732
-0.558198
-0.558198
-0.639971
-0.639971
-0.348923
0.646273
-0.678902
-0.689264
-0.689264
-0.689264
-0.266281
-0.266281
0.0637783
0.0637783
-1.09976
-0.597927
-1.03164
-0.727332
-0.727332
-0.727332
-0.727332
0.87257
0.87257
-0.318126
1.12844
-0.846402
0.917073
0.917073
0.263758
0.432422
-1.38569
0.34019
0.706487
0.706487
0.706487
0.706487
1.30495
1.30495
0.171919
-0.904279
0.184375
-0.321502
-1.55362
-1.68925
0.599461
-0.303406
0.023823
0.719018
-1.27246
-1.27246
0.495631
-0.925767
-0.925767
-0.771813
-0.771813
-0.771813
-0.284113
-0.554369
-0.554369
-0.478041
-1.70263
-1.70263
0.0340889
-0.938575
-0.938575
-1.14858
-1.14858
-1.14858
-1.14858
-0.924827
-0.924827
-0.553947
-0.553947
-0.240106
-0.240106
-1.36897
-0.139906
1.02168
1.23093
1.23093
-0.634933
-0.634933
-0.634933
-1.45869
-1.45869
-1.66683
-1.66683
-1.15294
0.863783
1.02725
-1.06278
-1.06278
-0.187821
-0.187821
-0.187821
-0.187821
-0.187821
-0.187821
-0.187821
-1.31678
-1.31678
-1.31678
-1.31678
-0.0712417
1.31493
0.411801
0.411801
0.411801
-0.729542
1.08993
-0.9455
-0.9455
0.82443
0.82443
-0.912391
-0.912391
1.28098
1.28098
1.28098
1.28098
0.128081
0.128081
0.128081
-0.118195
-0.118195
1.74439
0.238943
0.238943
-0.368667
-1.9915
-1.24472
0.747543
0.747543
0.311547
0.682131
0.682131
0.903447
0.903447
0.161693
0.161693
0.161693
0.161693
1.12463
1.12463
1.12463
-0.629761
-0.629761
0.440704
0.0960004
0.0960004
0.0960004
0.67615
-0.60717
-0.60717
0.834953
-0.568312
-0.728297
-1.98696
-1.02599
-0.789296
-0.789296
0.498627
0.498627
0.498627
0.950881
0.950881
-1.24984
-1.24984
-1.24984
-1.24984
-1.24984
-0.546445
-0.546445
-0.546445
-0.546445
-0.759667
-0.759667
-0.759667
-0.722528
-0.722528
-0.722528
0.675164
-0.428457
-0.598239
-0.598239
-0.598239
-0.598239
-0.598239
-0.598239
0.877537
0.877537
0.877537
0.877537
0.877537
0.877537
-1.05796
-1.05796
0.657934
0.657934
0.532143
-0.377105
1.09705
1.09705
1.09705
1.09705
1.09705
1.09705
-0.525644
-0.525644
-0.525644
0.529135
0.529135
0.529135
-0.663894
-0.663894
-0.663894
0.119984
-0.401816
-0.401816
-0.83976
-0.83976
-0.520873
0.265962
0.265962
0.291112
0.291112
1.06945
-1.14859
-0.0916714
0.538361
0.538361
0.0739928
0.556599
0.326636
0.326636
0.121834
0.126939
0.126939
1.06578
1.06578
0.582733
0.582733
-0.0304676
-0.0304676
-0.0304676
0.155483
-0.966955
1.3243
-0.391226
-0.391226
-0.391226
-0.391226
-0.106837
0.0327166
0.0327166
-0.517421
0.799819
1.46012
-0.288131
-1.37066
-1.37066
-1.37066
0.979875
-0.783514
-0.783514
-0.783514
-0.783514
-0.783514
-0.783514
-0.783514
1.42667
-0.12421
-0.12421
-0.12421
-0.12421
-0.192794
-0.192794
0.540626
0.540626
0.540626
0.849798
0.849798
0.849798
-0.738678
-0.738678
-0.892289
0.191991
0.334685
-0.7041
-0.636677
-0.626935
-2.09822
-2.09822
-2.09822
-2.09822
-2.09822
-1.68279
-1.68279
-1.37827
-0.766873
-0.766873
-0.456253
-0.718034
-0.718034
-0.832073
-0.864691
-0.864691
-0.526161
-0.526161
-0.723519
-0.723519
-0.723519
-0.723519
-0.723519
-0.213904
-0.213904
1.32128
0.632833
0.632833
0.632833
0.699418
0.699418
-0.82813
-0.190851
0.45216
0.954895
0.954895
-0.823915
0.208504
0.208504
0.442727
-0.084696
-0.0805732
0.128993
0.85756
0.85756
0.832711
0.832711
0.832711
-0.866887
-0.866887
-0.866887
-0.866887
-0.866887
0.432421
0.432421
0.432421
0.432421
0.432421
-0.77297
-1.18274
-1.18274
-1.53449
-1.53449
0.480826
0.480826
0.480826
-0.741417
-0.941566
1.19097
0.56243
1.28045
1.28045
1.26371
1.26371
1.26371
0.708187
0.708187
0.708187
0.708187
0.708187
0.708187
0.708187
0.192907
-0.220415
-1.25201
-1.25201
0.419462
0.419462
0.419462
0.419462
0.419462
1.11603
1.11603
1.11603
1.11603
-1.13166
-0.398901
-0.398901
-0.398901
-0.398901
0.975168
0.975168
0.975168
0.975168
0.975168
-0.516355
-0.516355
-0.516355
1.59543
1.48786
-0.669443
-0.849753
-0.849753
0.407235
0.423148
0.423148
0.423148
-0.837429
0.398119
0.956165
0.505085
0.505085
0.337517
0.337517
0.720803
0.720803
0.720803
0.720803
0.720803
0.720803
0.720803
0.720803
0.720803
-0.751487
0.973124
0.973124
0.973124
0.14458
0.14458
-1.38721
-1.38721
-0.862529
-0.862529
0.7556
0.784457
0.784457
0.784457
0.784457
0.887817
0.887817
0.887817
0.887817
0.887817
-0.365147
-0.365147
-1.6017
-1.6017
-1.6017
0.0467192
0.0467192
-0.2553
-0.2553
0.797097
0.797097
0.621352
0.621352
0.621352
0.610747
0.407576
0.834338
0.834338
1.28624
-1.11897
1.05267
1.05267
1.05267
1.05267
-0.895471
-0.895471
0.0635396
0.0635396
0.0635396
-1.20184
0.121685
0.121685
0.121685
0.121685
0.121685
0.220407
-0.445835
-1.34786
-1.34786
0.111732
0.803148
0.803148
-1.03023
-1.03023
-1.03023
0.892318
0.892318
0.892318
0.892318
1.0359
1.0359
0.551521
0.552794
-0.949649
-0.949649
-0.949649
-0.532154
-0.532154
-0.536443
1.14496
-0.16885
-0.534605
-0.534605
-0.534605
-0.534605
-0.45321
-0.45321
-0.45321
-0.45321
-0.45321
1.17498
-1.25028
-1.37952
-1.37952
0.257245
0.257245
-0.833147
-0.833147
-0.833147
-0.719772
-0.699266
-0.817609
-0.817609
-0.817609
-0.817609
-0.817609
-0.817609
-0.817609
-0.817609
-0.817609
-0.817609
0.0166132
0.0166132
1.00853
0.920782
0.920782
0.41667
-0.36532
-0.36532
-1.76627
-1.4705
-1.4705
-0.752955
-0.752955
-0.752955
-0.752955
-0.752955
-0.362866
-0.362866
1.31502
-0.946986
-0.946986
-0.594467
-0.594467
-0.594467
-0.920928
-0.920928
-0.920928
-0.920928
-0.920928
-0.920928
0.25772
-0.951495
-0.951495
0.172536
-0.985692
-0.391757
-0.163855
-0.978842
-0.978842
-0.978842
-1.3732
0.843178
0.730458
0.730458
0.730458
0.730458
0.730458
-0.746031
-0.746031
-0.646176
-0.646176
-0.646176
1.16282
1.16282
-1.33602
0.860772
0.860772
0.599554
0.367837
-0.977296
-0.977296
-1.38918
-1.39091
-1.39091
-0.946861
-0.946861
-0.946861
1.23307
0.353068
0.353068
0.353068
0.353068
0.973852
1.03466
1.03466
1.03466
1.03466
1.03466
0.347447
1.46786
1.46786
1.46786
1.46786
1.46786
1.03343
1.03343
-0.370181
-0.681067
-1.20804
-1.06444
0.0131619
0.0131619
-0.504955
-1.10659
-1.10659
0.457091
-0.236108
-0.236108
-0.236108
-0.236108
-0.236108
-0.951218
-0.457904
-0.543104
-1.73477
-1.73477
-0.946428
-0.946428
1.39726
1.39726
1.39726
0.384812
0.18933
0.18933
0.18933
0.293753
-0.827292
-0.827292
0.375032
-0.465337
-0.465337
-0.465337
-0.465337
-0.465337
-0.937871
-0.937871
1.35238
1.35238
1.02485
0.471073
0.471073
-1.39443
-1.39443
0.0990517
0.0990517
-0.432011
0.699735
0.699735
0.699735
0.699735
0.636595
0.636595
1.81994
1.81994
1.81994
1.81994
1.81994
1.21773
1.21773
1.21773
1.21773
1.21773
-0.37963
0.585074
0.293383
0.293383
0.293383
0.627491
0.627491
0.627491
-0.561425
-1.0099
-1.0867
-1.0867
0.279395
-0.846896
0.197958
0.197958
-0.555353
0.533507
0.533507
-1.08326
0.0373604
0.0373604
-0.675341
-0.913621
-0.913621
0.827634
0.827634
0.827634
0.827634
0.827634
0.827634
1.38527
1.38527
1.38527
0.553358
0.0717536
0.0717536
0.0717536
0.0717536
1.42517
1.42517
-1.04275
-1.04275
-0.0441625
-0.0441625
-0.0441625
0.475691
0.475691
0.475691
0.475691
1.15077
1.15077
1.15077
1.15077
1.69435
0.844121
0.844121
0.807622
0.807622
0.319343
-0.810171
-0.810171
-0.810171
-0.810171
1.0752
-0.386572
-0.386572
-0.515664
-0.658626
1.28196
1.28196
1.28196
0.0792693
0.765292
0.765292
0.765292
-0.402075
-0.402075
1.07839
-0.317865
-0.527644
1.44558
1.44558
1.44558
1.44558
1.44558
1.44558
1.44558
0.17264
0.0498615
0.0498615
0.0498615
0.0498615
-0.423384
-0.423384
1.18986
-1.27798
-0.993589
-0.993589
-1.51328
-1.51328
0.78924
0.78924
1.10804
1.10804
1.13306
1.13306
1.13306
0.560256
0.759653
-0.128805
0.279925
-1.69578
0.50719
0.50719
0.921128
-0.711668
-0.711668
0.470907
1.01799
1.01799
-0.403903
1.31628
1.31628
1.31628
-1.0103
-0.175224
0.987092
-1.17173
-0.412801
-0.818176
0.799615
0.799615
0.586243
1.48236
-0.838898
-0.838898
-0.838898
1.02213
1.02213
-1.17502
-0.120497
0.222251
1.40372
1.40372
0.0108837
0.0108837
0.0108837
0.0108837
0.0108837
-0.105716
-1.20805
-1.20805
-1.20805
-1.20805
-0.578903
0.666853
0.666853
0.166014
-0.457113
-0.457113
-0.736168
-0.736168
-0.736168
-0.736168
-0.736168
-0.0960213
-0.342797
0.285741
0.285741
1.31143
1.31143
1.31143
-0.135634
-0.135634
-0.163192
-0.602544
-0.602544
-0.0844163
-0.0844163
-0.0844163
-0.0844163
0.385977
1.75229
0.86256
0.86256
0.616684
-0.212201
-0.106052
-0.106052
0.644971
0.102503
-1.64805
-1.64805
-0.936203
-0.936203
-0.936203
0.0105926
0.854062
-0.768229
-0.586412
0.863256
0.863256
-0.652
-0.896296
-0.416487
-0.416487
-0.416487
1.00469
1.00469
-0.603361
-0.603361
0.478652
0.478652
0.478652
0.478652
0.896452
-0.95356
1.07017
1.07017
0.384319
-0.526466
-0.133629
-0.133629
-0.133629
-0.133629
-1.51136
-1.51136
0.405683
-0.311733
-1.24006
-1.24006
-1.24006
-1.24006
-0.451896
1.35606
1.43489
1.43489
1.43489
1.43489
-0.544326
0.559242
-0.509934
-0.0805816
-1.30387
0.814204
0.814204
-0.482657
-0.482657
0.269052
0.269052
0.269052
0.269052
0.269052
0.269052
0.269052
0.980579
0.980579
0.980579
0.980579
0.980579
-0.955531
-0.955531
-0.955531
0.61958
0.61958
-0.369614
-0.587964
-0.587964
0.597674
-0.737743
-0.737743
-1.05227
-0.846288
-0.846288
0.682622
0.682622
-0.294695
-0.294695
-0.294695
-1.83269
-1.83269
-1.36382
0.690946
-0.742669
1.06698
1.06698
1.06698
1.06698
1.3941
1.3941
0.494741
0.753728
0.753728
0.753728
-1.18598
0.0887041
1.32836
1.32836
1.32836
1.32836
1.32836
-1.09419
-1.09419
-1.09419
-1.12226
-1.12226
-1.12226
-1.42618
0.931066
0.931066
1.43574
1.43574
1.43574
0.386402
-1.03569
0.663889
-0.306375
-0.306375
1.11669
1.1299
1.34659
1.34659
0.59077
-1.73484
-1.73484
0.584995
0.584995
0.584995
-0.496246
1.21565
0.851138
0.513307
0.513307
0.513307
1.28501
1.28501
1.28501
1.28501
1.28501
0.955333
-0.365299
0.326517
1.04806
1.055
1.055
1.055
1.055
0.323477
0.671533
0.671533
0.671533
-0.735463
0.0774182
-1.24533
-1.24533
-0.969698
-0.501282
-1.34482
-1.11927
1.30824
1.30824
0.174743
-1.16477
-1.30644
-1.30644
0.767319
0.854488
-0.579018
-0.579018
-0.579018
0.389787
0.389787
0.982713
0.982713
0.614704
-0.0524323
-0.0524323
0.346781
1.46167
1.46167
1.46167
-0.42765
-0.42765
-0.740426
-1.04258
0.738805
0.81531
0.81531
-1.22845
1.05952
1.05952
1.05952
0.390112
1.22557
1.22557
1.22557
1.22557
1.22557
1.22557
1.22557
-1.17512
1.18181
0.270044
-1.28537
-1.28537
0.9866
1.538
0.485978
0.166162
0.166162
0.166162
0.166162
1.08221
0.467302
0.467818
0.467818
0.467818
-0.973936
-0.614356
-0.614356
-1.34376
-1.34376
-1.34376
-1.34376
-0.255446
0.172168
0.172168
-0.0678244
0.406531
-0.625176
-0.625176
-0.467747
-0.225397
0.365261
0.365261
0.683979
0.683979
0.0272204
0.0272204
1.17871
1.17871
2.35246
0.290828
0.757293
-1.20528
-1.20528
1.27225
-0.151979
0.987971
0.987971
0.987971
1.34117
1.34117
1.34117
0.50302
-0.367753
0.56563
0.56563
-0.716181
-0.716181
-0.781842
0.944337
0.841364
1.00272
0.513316
-0.55992
-1.39351
-0.970049
0.185745
0.810443
0.810443
0.810443
0.810443
0.810443
0.298332
0.298332
0.55272
1.11919
1.11919
-1.02846
0.753454
0.753454
0.753454
0.753454
0.753454
0.753454
0.753454
0.753454
0.753454
0.753454
0.753454
0.753454
0.569406
0.569406
0.569406
0.569406
0.569406
-0.890982
-0.348582
-0.772793
-0.805489
1.32788
1.32788
1.32788
1.32788
1.32788
1.32788
-0.849112
-0.596661
-0.596661
-0.596661
-0.596661
-0.596661
-0.424651
-0.424651
-0.424651
0.921176
0.921176
-0.528422
-0.528422
-0.528422
-0.528422
-1.36434
-1.36434
-1.36434
-1.36434
0.707037
-0.0746687
-0.0746687
1.28371
1.28371
0.0824928
0.734314
1.47915
1.47915
1.4934
0.400978
0.400978
0.400978
0.400978
0.0965182
-1.34856
-0.61852
0.615709
0.333026
0.291529
1.76632
1.13745
1.13745
1.13745
1.13745
1.13745
1.21066
1.21066
-1.05818
-1.02966
-1.02966
-1.02966
-1.02966
-1.02966
-1.02966
-1.02966
-1.02966
-0.877954
0.753819
0.753819
-0.645443
-0.645443
-1.46744
-1.46744
-1.32313
0.288047
0.89096
0.248475
0.248475
0.535916
1.13023
1.13023
1.13023
1.13023
1.13023
0.529772
-0.503854
-0.503854
-0.503854
-0.503854
-0.503854
-1.4203
-1.4203
0.776442
0.776442
0.315492
0.315492
0.315492
-0.0252593
0.0348258
-1.07566
0.288786
0.0711063
0.103229
0.103229
0.103229
0.457611
-1.01504
-1.01504
0.550715
0.0900142
1.07137
-0.972946
-0.972946
-1.17955
-0.778842
0.957126
-0.927705
-0.927705
-0.927705
-0.927705
-0.927705
-0.927705
-0.927705
1.26033
1.26033
-0.177753
-0.585253
0.825949
0.825949
0.825949
0.971755
0.971755
1.57784
1.57784
1.57784
1.70068
1.70068
1.70068
1.03978
1.03978
1.03978
0.385174
0.385174
0.43374
-0.441299
-0.441299
1.07916
0.28574
0.691565
0.691565
0.691565
-0.862829
1.03542
-0.806009
-0.806009
-0.806009
-0.806009
1.1148
1.1148
-0.863267
-0.934145
-0.934145
-0.376987
-0.376987
-0.376987
-1.28462
0.0718043
0.0718043
0.0718043
0.403957
-0.620489
-0.620489
-0.620489
-0.852314
-0.903644
0.964634
0.964634
0.457399
-0.995027
-1.07085
-1.07085
1.1738
1.1738
1.1738
0.541708
0.840375
-0.157039
-0.636349
0.353248
0.353248
0.353248
0.353248
-0.220105
-0.220105
0.578829
-0.82813
-1.08538
0.0575873
0.0575873
0.762741
0.762741
0.762741
-0.510523
-0.510523
-0.310982
0.134666
0.134666
0.134666
0.134666
0.134666
0.134666
0.134666
-0.46477
0.553146
0.553146
1.28422
0.750612
0.750612
0.750612
0.750612
0.933994
0.933994
0.933994
0.933994
0.724632
-0.394516
-0.394516
-0.394516
-0.394516
-1.11335
1.24608
0.946774
0.946774
0.946774
0.946774
0.946774
-0.75002
-0.75002
-0.75002
-0.953075
-0.953075
0.783523
0.62384
0.62384
0.62384
-0.668043
-0.668043
-0.563375
-0.563375
-0.563375
-1.1353
-0.366428
-0.366428
-0.366428
-0.366428
-0.366428
-0.366428
-0.366428
-0.366428
-0.197642
-0.197642
1.16514
1.34562
1.34562
1.34562
-0.134175
-0.865861
0.774721
0.774721
0.774721
0.024107
-2.00849
-2.00849
-0.245044
-0.140533
-0.140533
-0.440845
-0.440845
-0.440845
1.30556
1.30556
1.30556
1.30556
-0.729503
-0.729503
-0.729503
0.994211
0.994211
0.994211
0.994211
-0.67192
0.653001
0.653001
0.451808
0.451808
0.451808
0.451808
0.451808
-0.759264
-0.759264
-0.759264
1.43834
-0.832036
-0.832036
-1.43037
-1.43037
-1.43037
-1.43037
-1.43037
0.435254
-0.881374
-0.0849411
-0.0849411
0.367337
0.367337
0.367337
-1.09661
-1.09661
-0.681954
-0.469604
0.000991106
0.000991106
-0.871021
-0.393595
-0.393595
-0.393595
0.872377
0.872377
0.872377
0.872377
0.872377
1.56844
1.56844
1.56844
-0.116403
0.581063
-1.00781
-1.00781
0.669088
0.669088
0.669088
0.669088
0.669088
0.634897
0.634897
-1.19802
-1.19802
-1.19802
-1.11398
0.161187
0.650778
0.650778
0.650778
1.3461
1.3461
1.3461
1.3461
-0.675798
0.691876
-0.9476
-0.9476
-0.9476
-0.490824
-0.490824
-0.964693
-0.964693
-0.964693
-0.666921
-0.666921
-0.666921
0.00259865
-0.417111
-0.417111
-0.417111
-0.417111
0.808851
0.808851
-1.34104
0.53541
1.14434
1.14434
1.02739
0.715283
0.715283
0.715283
0.715283
0.715283
0.692744
-1.3168
-1.3168
-1.3168
-1.3168
0.672483
0.672483
0.709178
0.709178
0.20002
1.03794
-0.556746
-0.556746
-0.556746
-0.556746
-0.74656
-0.74656
1.27355
0.287041
0.0333886
0.0315301
0.0315301
0.0315301
0.057524
0.057524
0.057524
0.057524
0.057524
-0.769576
-0.769576
-0.769576
-1.26284
-1.26284
-0.209365
-0.209365
0.0725664
0.0725664
0.307773
0.307773
-0.599142
-0.179464
-1.03881
1.31025
1.31025
1.31025
0.855748
0.855748
0.855748
0.855748
0.805346
0.805346
0.805346
0.805346
-0.781309
-0.960922
-0.459901
-0.459901
-0.459901
-0.521595
-0.521595
-0.521595
-0.521595
0.27376
0.27376
0.27376
0.27376
-0.376214
0.979191
-0.26293
0.455529
0.455529
0.455529
0.740672
1.4331
-0.539707
-0.539707
-1.31967
-1.31967
-0.599398
-0.599398
-0.599398
-0.693343
-0.693343
-0.693343
0.956061
0.956061
-0.779532
-0.779532
-0.15139
-0.15139
-1.0284
0.509541
-0.549365
-0.449203
0.57812
0.57812
0.57812
-0.222013
0.219256
-0.962814
-0.755672
-0.755672
-0.755672
1.32613
1.32613
1.32613
0.724086
0.084032
0.063561
-0.633628
-0.633628
1.12543
1.12543
1.12543
1.12543
-0.287954
0.0372166
1.32952
1.32952
1.05427
1.05427
1.05427
1.05427
0.254005
0.254005
0.254005
-0.746594
-0.746594
-0.746594
-0.746594
-0.898982
-1.24134
-1.24134
-1.24134
-0.196337
-0.196337
1.08637
0.323185
0.323185
0.323185
0.549685
-0.168988
-0.168988
-0.168988
0.563251
-0.486059
-0.486059
-0.486059
-0.486059
-1.68184
-0.762606
-1.13138
-1.13138
-1.13138
-1.13138
-0.832339
-0.832339
-0.832339
-0.832339
-1.61508
-1.46322
-1.60211
-1.23541
-1.23541
-1.23541
-0.162197
-0.265647
-0.265647
1.30697
-0.140845
-1.33956
-1.33956
0.121975
0.121975
0.208184
1.01048
1.01048
-1.11913
-1.11913
-0.00872453
0.633038
1.44313
1.44313
1.03203
0.206849
0.206849
-1.13649
-1.13649
-0.354904
1.04351
1.04351
-1.3363
-0.148622
0.818397
1.15607
-0.0316131
0.563367
0.563367
-0.1832
-0.1832
-0.1832
-0.1832
-0.1832
-1.26104
0.760242
0.760242
-0.0606887
-0.0606887
-0.0606887
1.01705
1.01705
1.01705
0.41048
0.41048
1.02531
0.75899
0.75899
0.75899
-0.553655
0.733634
0.733634
0.583958
0.583958
-0.873237
0.0898515
0.0898515
0.0898515
0.88728
0.88728
0.88728
0.88728
-0.370287
0.0928821
0.110101
0.110101
1.10711
1.10711
0.708406
0.708406
0.708406
0.708406
-1.02727
0.222094
0.222094
0.222094
-0.0957327
-0.0957327
-0.452325
-0.452325
0.169093
1.23845
1.23845
-0.136467
-0.492812
0.521581
0.160641
0.160641
0.836589
0.360135
-0.104691
-0.104691
-0.104691
-0.104691
0.633797
0.633797
0.633797
-0.568869
-0.249237
-0.220807
0.0984476
0.0984476
-0.0548348
-0.0548348
0.565127
0.565127
-0.360698
-0.360698
-0.360698
-0.360698
-0.567725
-0.567725
-0.567725
-0.567725
-0.567725
0.251103
-1.06613
-1.06613
-0.695517
-0.695517
0.350274
-0.539184
-0.726153
-0.726153
-0.726153
-0.726153
-0.766205
-0.766205
-0.766205
-1.3851
-0.8725
-0.8725
-0.8725
-0.8725
-0.8725
1.19501
-0.423476
1.01041
1.01041
-0.506687
-0.657211
-0.765824
-0.256466
-0.12181
1.26112
-0.773685
-0.773685
1.4477
1.4477
1.4477
-0.715445
-0.715445
-0.715445
-0.715445
0.0656352
0.0656352
0.0656352
0.0656352
0.0656352
0.0656352
0.0656352
0.0656352
-0.00951535
-0.00951535
-0.136372
-0.136372
-0.136372
-0.825046
0.056665
1.25354
-0.701555
-0.737781
1.04626
-1.06452
-1.06452
0.477737
0.776062
0.776062
0.754385
0.754385
0.754385
0.754385
0.859411
0.257712
0.257712
0.81186
0.81186
0.81186
0.81186
0.81186
-0.442077
-0.442077
0.937515
-0.0174092
0.256877
0.256877
0.833492
0.671596
0.942073
0.942073
0.0400773
0.0400773
-0.258674
-0.258674
-1.21779
-1.21779
-0.776274
-0.776274
-0.553013
-0.818718
-0.405513
-0.405513
-0.405513
-1.50988
0.530361
0.530361
0.530361
0.530361
0.530361
0.530361
0.530361
0.530361
0.530361
-0.443623
-0.443623
-0.443623
-0.443623
-0.443623
-1.19417
-1.19417
-1.19417
-0.102541
0.598831
-0.397711
-0.397711
-0.397711
1.55224
1.6406
1.6406
1.61238
1.61238
1.61238
1.61238
0.838769
0.805766
0.805766
-0.558611
1.15265
1.15265
-0.893025
-0.893025
-0.0927323
0.488895
0.488895
0.488895
-0.854506
-0.854506
0.308888
0.308888
0.308888
-1.2887
0.200329
0.253577
0.253577
0.253577
0.224416
-0.297178
-0.297178
-0.297178
0.731616
0.731616
0.731616
0.731616
0.731616
0.296569
0.203283
0.203283
0.0796449
0.921985
0.921985
0.921985
0.921985
0.921985
0.921985
1.04287
-0.501293
-0.501293
-0.607758
-0.607758
-0.607758
0.545281
0.545281
0.122707
-1.04991
1.3148
1.3148
1.3148
1.3148
1.65846
-0.0609571
-0.0609571
-0.0609571
-0.0609571
-0.0649513
0.167905
0.373466
-0.573645
0.317082
0.317082
-1.39971
-1.39971
-1.39971
1.07411
-0.970504
-0.970504
-0.970504
-1.27369
-1.27369
0.0150679
0.0150679
1.43093
0.824481
0.824481
0.824481
0.824481
0.824481
0.824481
0.824481
-0.20338
1.1586
0.99782
0.99782
-0.27579
-0.452771
-0.452771
-0.452771
-0.452771
-0.452771
-0.452771
-0.452771
-0.452771
-0.452771
-0.452771
-0.452771
-0.452771
-0.452771
-0.452771
0.330754
0.610036
-0.495803
-0.495803
-1.00321
-0.571931
1.26232
1.26232
-0.386714
1.09847
1.09847
1.09847
1.09847
1.09847
0.599936
0.599936
1.11735
0.84736
0.84736
0.897068
-1.05711
-1.05711
-0.127376
-0.127376
-0.127376
-0.127376
1.18106
1.18106
-0.814612
-0.814612
0.832237
-0.910776
-1.00644
0.840899
1.26704
-0.69769
-0.69769
0.897429
1.36847
1.36847
1.36847
1.32813
0.618365
0.0862009
-0.26568
-0.26568
0.238036
0.883136
0.605739
-1.71368
0.536046
0.536046
-1.01652
-0.777399
-0.777399
-0.777399
-0.609123
-0.609123
-0.609123
-0.786549
0.312835
-0.690523
-0.690523
0.271939
-0.519429
-0.519429
-0.519429
-0.528751
-0.770391
0.833207
0.833207
-0.551559
0.793354
0.793354
1.09951
1.09951
1.09951
1.09951
-0.333331
-1.31861
1.09973
0.270079
0.270079
1.16341
1.22905
0.348964
1.12342
1.12342
-0.496805
-0.496805
-0.496805
0.494392
0.494392
-0.0872468
-0.0872468
-0.410915
-0.410915
-0.410915
-0.410915
1.04433
0.0356103
-1.49145
-1.49145
-1.86033
-1.86033
-1.89953
0.314813
1.92878
-0.298139
-0.971849
-0.971849
-0.971849
-0.403269
0.300803
0.300803
0.906656
1.5469
1.5469
0.357207
-0.900732
-0.764471
-0.764471
-0.764471
-0.682609
0.810704
0.810704
0.855304
0.855304
0.855304
0.855304
1.15498
-0.26039
-0.0739549
-0.36077
-0.36077
-0.36077
-0.36077
-0.938644
-0.938644
-0.938644
-0.42565
-0.42565
-0.42565
-0.42565
-0.42565
-0.42565
0.505086
0.505086
1.08102
1.08102
0.0619
-0.795743
0.156817
0.156817
-0.761005
-0.761005
0.289512
0.289512
1.3495
1.3495
1.3495
-0.53721
0.784109
0.784109
0.131444
0.131444
0.131444
0.131444
-0.790344
-0.866687
-0.866687
-0.886387
-0.702955
-0.702955
-0.702955
-1.54778
-1.54778
-1.54778
0.812527
0.812527
0.812527
0.812527
-1.05039
-1.21421
-1.21421
-0.165097
-1.47909
-1.47909
-1.47909
-1.5195
-1.82872
-1.82872
-1.82872
-0.668283
-0.668283
-0.668283
1.22706
0.585757
0.585757
-1.14314
0.512042
-1.22338
-1.22338
-1.22338
-1.22338
0.547756
0.755867
0.755867
-0.638337
-0.620876
-0.622779
-0.588682
1.14704
1.14704
1.14704
1.14704
1.14704
0.166776
0.166776
0.374293
0.374293
0.242192
0.242192
0.242192
-0.738281
-0.738281
-0.738281
-0.519352
1.02726
-0.15509
-0.530092
-0.530092
0.870691
0.870691
0.870691
0.870691
0.226961
0.226961
1.17749
1.17749
-0.489479
-0.942749
-0.942749
-0.942749
-0.942749
-0.942749
0.0138111
0.0138111
0.0138111
-1.71621
-1.71621
-1.5947
-1.35162
-1.35162
0.709737
-0.839437
-1.35546
-1.35546
-1.35546
-1.25493
0.434097
-0.963354
0.564677
0.564677
1.03676
1.03676
0.108134
0.108134
0.328723
0.328723
0.328723
-0.308392
-0.308392
-0.455191
1.50825
0.218652
0.218652
0.218652
-0.776114
-0.776114
1.22967
-0.22345
1.44286
0.686988
0.686988
0.686988
-1.12438
-1.12438
-1.12438
0.446325
0.446325
-0.556766
-1.29757
-1.29757
-1.29757
-1.29757
0.539226
0.539226
0.733014
0.733014
0.476184
-0.0769898
0.464753
0.709804
-0.323913
-0.323913
1.27828
1.27828
1.27828
1.27828
1.27828
1.27828
-1.08238
0.139027
1.13081
0.900187
0.900187
-1.10786
0.539802
0.539802
1.04493
1.04493
0.585111
0.613031
0.613031
1.14642
0.783024
0.783024
0.783024
-0.713329
-0.713329
-0.713329
-0.632852
-0.632852
-0.528695
-0.528695
0.697316
0.697316
0.697316
0.697316
0.697316
0.697316
0.697316
0.697316
0.697316
0.347122
-1.35602
-1.35602
-0.121918
1.23993
1.23993
0.758821
0.758821
-0.899983
-0.899983
-0.899983
-0.899983
0.736782
0.736782
0.736782
-0.505828
-0.505828
0.995458
0.995458
0.995458
0.995458
0.750371
0.750371
0.750371
0.750371
-0.657622
-0.657622
-1.14226
-0.6274
-0.465568
-0.428055
-0.428055
1.6069
1.6069
1.6069
1.66104
1.66104
1.66104
1.66104
1.66104
1.66104
0.740917
0.0616279
0.610278
0.438888
-0.673614
-0.673614
-0.673614
-0.673614
-0.6148
-0.6148
-0.6148
-0.6148
-0.6148
-0.8944
-1.17473
-1.17473
-1.17473
-1.17473
-0.581738
-0.581738
-0.581738
1.11698
1.11698
1.11698
1.11698
-0.96539
-0.96539
-0.96539
0.18535
0.18535
-1.65168
-0.883475
0.744945
0.744945
0.744945
-0.869372
-0.373388
-0.833245
-0.833245
-0.534087
-0.534087
-0.534087
0.678808
0.678808
0.678808
0.406101
-0.327888
-1.23345
0.419183
-0.131894
-0.131894
-0.131894
-0.131894
-0.0921674
1.31454
1.31454
0.220329
-1.3535
-1.3535
-1.3535
-0.413639
0.773761
-1.01846
-1.01846
-0.947225
0.751378
-1.03651
-1.03651
-1.03651
-1.03651
-0.737233
-0.737233
-0.619324
-0.619324
-0.619324
-0.619324
-0.619324
-0.619324
-0.619324
-0.395378
-0.395378
-0.395378
0.504062
0.504062
0.504062
0.568574
0.568574
0.568574
0.568574
-0.286343
-0.286343
0.94821
0.94821
0.94821
0.94821
-0.716243
-0.716243
1.15864
-0.600877
-0.600877
1.17499
1.17499
0.939773
0.939773
0.939773
0.62863
-1.73756
-1.73756
-1.51524
0.652419
0.652419
0.652419
0.0735653
0.722942
0.722942
-0.806193
-0.806193
-0.674847
-0.674847
-0.608657
0.493585
0.707577
0.280104
0.280104
0.280104
-0.0559927
-0.463458
1.13692
-0.413946
0.366641
-0.352978
1.18754
1.18754
1.18754
0.597887
0.597887
0.821546
-1.07394
-1.07394
-1.07394
0.336004
0.336004
1.11517
-0.372856
0.533203
0.533203
-0.050565
-0.050565
1.12774
1.12774
-0.448471
-0.246003
0.353157
-1.14476
1.12624
1.12624
0.313556
0.313556
0.313556
0.925408
0.925408
0.925408
0.925408
0.00116046
0.00116046
0.00116046
0.00116046
-0.468502
1.12213
1.12213
0.192096
0.192096
0.192096
-0.817249
-0.730245
-0.730245
-0.105883
-0.105883
1.3572
0.728773
-0.394038
-0.394038
0.471991
0.997903
0.997903
-0.563937
-0.167698
-0.167698
-0.167698
-0.167698
-0.938434
-0.938434
-0.938434
0.709009
0.631055
0.949285
0.949285
0.949285
0.949285
0.949285
0.949285
0.949285
0.663408
-0.237293
-0.237293
0.663007
-0.268554
-0.268554
0.117935
-1.18034
-1.18034
-1.18034
-0.647152
-0.921634
-0.921634
-0.921634
0.331505
0.672235
0.1733
0.1733
-0.312341
0.984364
0.984364
-0.202535
-0.202535
0.954794
0.954794
0.954794
0.954794
0.954794
1.13351
1.13351
1.13351
-0.0179799
0.764893
0.764893
0.326184
-1.16703
-1.16703
0.936878
-0.921823
0.559095
-0.462662
-0.462662
-0.462662
-1.09313
-1.33022
-1.33022
-1.33022
-0.0821403
0.203982
0.203982
0.203982
0.203982
0.908625
-0.475212
-0.475212
-0.475212
0.890884
0.890884
1.1004
0.651981
0.651981
1.13225
1.14552
0.340739
0.548488
0.766485
0.766485
0.766485
0.766485
0.766485
-0.349247
1.75713
1.75713
1.75713
1.75713
1.65883
0.857812
-0.0121156
-0.746188
-0.746188
-0.144363
-1.48423
-1.48423
-1.48423
-1.4815
0.883611
-0.641467
-1.44093
-1.44093
-0.334172
-0.334172
-0.334172
-0.334172
-0.526549
-0.526549
-0.526549
-1.14301
-0.730905
-0.730905
-0.730846
-0.730846
-0.730846
-0.730846
-0.730846
0.517066
-0.771003
0.838439
0.888697
0.888697
0.888697
0.833363
0.833363
0.783678
-1.25515
-1.25515
-1.25515
1.15671
-0.519107
-0.519107
-0.519107
-0.519107
-0.519107
-0.519107
0.796727
0.796727
0.796727
0.796727
0.796727
0.796727
1.12718
0.362448
1.32051
0.14876
-1.21209
1.28686
1.28686
1.28686
1.28686
0.129089
-1.22514
-0.0432085
-0.579793
-0.737271
0.872734
0.872734
0.872734
0.872734
0.872734
1.1933
1.1933
-0.614603
1.20271
-0.512136
0.0946954
0.0946954
0.0946954
0.0946954
0.567811
0.567811
-0.711754
1.18318
1.18318
1.18318
1.47367
1.20286
1.20286
-0.0285963
-0.290176
-0.290176
-0.290176
-0.290176
-0.290176
-0.290176
-1.25759
-1.25759
1.11008
1.11008
1.11008
1.11008
1.11008
1.11008
-0.681811
-0.681811
-0.681811
0.572652
0.572652
0.572652
0.572652
-0.774271
-0.774271
-0.088712
-1.19932
0.904628
0.718996
0.354799
0.443181
-0.789213
1.36282
0.501344
-0.504453
-0.504453
-0.504453
-0.66561
-0.66561
-0.66561
-0.66561
-0.66561
-0.66561
0.865212
-0.241305
-0.241305
-0.241305
-0.241305
-0.241305
-0.241305
-0.241305
-0.241305
-0.241305
-1.55488
-1.55488
-1.55488
0.192031
0.192031
0.192031
0.00658487
-0.175577
0.113473
0.410071
0.410071
0.777964
0.73848
-0.882694
-0.159093
0.285404
0.285404
0.285404
0.285404
0.571024
0.571024
1.37956
-0.985691
-0.985691
-0.985691
-0.985691
-0.985691
0.318599
0.318599
0.318599
-0.660002
-1.14925
0.0849782
-0.288822
0.824251
0.824251
0.824251
0.824251
0.824251
0.824251
0.824251
0.824251
-0.0797164
-0.0797164
-0.0797164
-0.442176
-0.442176
-0.724184
-0.724184
0.951139
0.951139
0.951139
0.477187
1.07647
1.07647
1.07647
1.07647
-0.645542
0.655296
0.999275
0.999275
0.270881
0.800351
-0.610151
-0.610151
-0.610151
-0.714545
0.957445
0.957445
-0.730459
-0.730459
-0.730459
-0.730459
0.867474
1.62967
0.931924
0.931924
0.931924
-1.1588
-0.0647566
-0.0647566
0.962055
-0.00170027
-0.650304
-0.650304
-0.650304
-0.190985
-0.432324
-0.432324
-0.432324
-0.165626
-0.837954
-1.00051
-1.00051
-1.00051
-1.00051
-1.00051
-0.442764
-0.442764
0.269447
-0.42158
-1.66114
-1.66114
-1.83349
-1.32509
0.182937
0.182937
0.182937
1.72478
1.72478
1.72478
0.17456
0.639779
0.639779
-0.357743
0.683237
0.683237
-1.26858
-1.26858
0.917195
-1.08329
-1.08329
-1.2289
-1.2289
-0.549941
-0.549941
-0.549941
-0.812508
-1.26349
-1.26349
-1.26349
-0.816985
-0.816985
-0.776837
-1.16106
-1.16106
0.803155
-1.19931
-1.19931
-1.19931
-1.19931
-0.486687
-0.486687
-0.486687
-0.284556
-1.32339
-1.32339
-1.32339
-1.32339
-1.32339
-0.531512
0.919404
0.919404
0.227781
0.378803
-0.386914
0.435714
0.435714
0.177463
-0.802782
-0.802782
-0.939893
-0.939893
-0.939893
0.475797
0.475797
0.943743
0.943743
-0.673684
-0.129617
-0.1033
-0.1033
-1.37682
-1.13523
-1.13523
-1.13523
-0.0610226
-0.195622
-0.195622
-0.195622
-1.30124
-1.30124
-1.30124
-1.30124
0.466714
0.466714
0.282293
0.282293
1.08729
0.912936
0.912936
0.912936
0.912936
0.136468
0.136468
0.136468
0.240798
0.885426
-0.687312
-0.687312
-0.687312
-0.687312
-0.687312
0.691921
-0.321671
-0.977794
-0.977794
-0.977794
-0.977794
-0.977794
-1.36035
-1.36035
-0.973386
-1.24716
0.856453
0.856453
0.856453
0.512874
0.512874
0.296618
0.296618
0.296618
0.296618
0.296618
1.17202
1.17202
1.17202
1.17202
-0.0654704
-0.0654704
-0.0654704
0.770126
0.770126
0.770126
-1.05574
-1.05574
-1.15294
-1.15294
-1.15294
-1.15294
-0.807421
-0.807421
0.309544
1.17352
0.420958
0.420958
0.420958
-0.880542
-0.880542
-0.917607
-1.03698
1.0417
0.899181
0.158944
1.18469
1.18469
1.18469
0.195539
0.446969
0.934119
0.934119
0.423808
0.423808
0.500994
0.500994
0.500994
0.500994
0.500994
-1.27529
1.12828
1.12828
-1.28748
0.484871
0.484871
0.484871
1.44965
1.44965
1.44965
1.0555
1.0555
-0.508347
0.585162
0.585162
0.585162
-0.514062
-0.514062
1.22711
-0.390551
0.32703
0.32703
0.32703
0.32703
0.32703
-0.52159
-0.52159
1.01271
0.0276298
0.0276298
-0.0444229
-0.0444229
-0.0444229
0.977285
0.977285
-0.73576
0.84519
0.84519
-0.591409
-0.591409
-0.591409
0.550345
0.550345
-0.823996
-1.29345
-1.29345
-1.33491
-1.33491
-1.33491
-0.661372
-0.661372
-0.661372
1.19849
1.46396
1.00387
1.00387
-1.01392
-1.01392
-1.01392
0.997794
-1.14226
0.839383
0.839383
0.839383
0.839383
-0.215823
0.441784
0.975952
0.975952
-0.50722
-0.50722
-0.50722
-0.50722
-0.50722
-0.50722
-0.675234
-0.675234
0.85863
0.85863
0.85863
0.85863
0.85863
0.85863
0.85863
0.85863
1.33917
0.709297
0.550922
0.550922
0.550922
0.550922
0.550922
-0.0089839
-0.159092
0.175753
0.175753
0.175753
0.175753
0.175753
0.175753
-0.304555
-1.07405
-1.07405
-1.19488
0.60994
1.20747
-0.232722
-0.232722
-0.232722
0.484225
0.717806
1.9714
1.9988
-0.16174
-0.587162
-1.01855
-1.01855
-0.26775
-0.26775
0.664253
0.6371
0.624537
0.624537
0.624537
0.624537
0.624537
0.981487
-1.00018
-1.00018
-1.00018
0.316062
0.316062
0.316062
0.400669
-0.830754
0.417817
0.417817
1.12245
1.12245
-0.914454
-0.848163
0.657685
0.907188
-1.34108
-0.0132189
-0.450836
-0.450836
-0.450836
-0.450836
-0.450836
-0.450836
-1.11364
-1.11364
0.714831
0.714831
0.714831
0.714831
0.714831
0.978891
0.978891
0.978891
0.0691088
0.0691088
0.0691088
-0.530085
-0.530085
1.20239
-0.933507
0.417405
0.417405
-0.761371
0.546202
0.546202
-0.642691
-0.414914
-0.229737
-1.25684
-1.35878
-1.35878
-0.834259
-1.03787
-1.09195
0.75602
0.75602
-0.799516
-0.114312
-1.12716
-1.12716
-1.12716
0.969968
0.969968
0.969968
0.969968
0.969968
0.803313
0.803313
0.803313
0.803313
0.803313
1.13627
-1.20689
-1.20689
-1.20689
0.345103
0.345103
1.05956
1.05956
0.287615
0.46312
0.46312
0.46312
0.46312
0.46312
1.32693
0.671905
-0.333565
0.395139
0.395139
0.395139
1.26619
-1.14862
0.0758012
0.545269
-0.702227
-1.29263
-1.29263
-1.29263
-1.29263
-0.2669
0.583677
0.583677
0.171134
0.171134
0.171134
0.414584
0.414584
0.414584
0.650994
-1.48557
-1.48557
-0.859622
-0.859622
-0.859622
-0.859622
-0.0235339
0.584585
0.584585
0.911227
-0.926324
-0.926324
0.718743
0.718743
0.718743
1.06075
1.06075
-0.715909
-0.715909
-0.715909
-0.715909
-0.715909
-0.715909
-0.715909
-1.29018
-1.5438
-0.243242
-0.243242
-1.09334
-1.09334
-1.09334
-1.09334
-1.09334
0.793313
0.793313
0.793313
0.793313
-0.28357
0.312881
0.312881
0.312881
0.169063
-0.13448
-0.13448
1.31884
-1.05461
0.30739
-0.0935919
0.558496
0.558496
-0.972067
0.226045
-1.22068
-1.22068
-1.22068
-1.22068
-1.22068
-1.22068
0.702491
-0.884906
0.256838
0.256838
0.256838
0.256838
-1.21754
-0.609917
-0.742842
0.727832
1.06527
0.317829
0.317829
0.653213
0.653213
0.653213
0.653213
0.157091
0.00999524
0.00999524
-0.410704
-0.410704
-0.112104
-0.112104
-0.112104
-0.696647
-0.696647
-0.696647
0.346359
-0.087852
-0.087852
-0.235007
-0.235007
0.984598
0.984598
1.16056
1.16056
1.16056
-0.882389
-0.882389
-0.882389
0.424959
0.424959
0.424959
0.424959
-0.702697
-0.702697
-0.702697
-0.702697
-1.24332
-0.810921
-0.810921
-0.810921
-0.314416
-0.314416
-0.0852532
-0.0852532
-0.0852532
-1.35934
-1.35934
-0.459648
0.935043
0.935043
0.657211
0.657211
-0.947234
-0.947234
0.150675
-0.237227
-0.237227
-1.11254
-1.11254
0.163357
0.331821
1.28005
-1.11
-0.933869
-0.933869
-0.473227
-0.473227
-0.914587
-0.552096
-0.552096
-0.552096
-0.552096
-0.195447
0.744814
0.744814
0.744814
0.209062
0.289384
-0.902282
-0.606123
0.345348
0.345348
0.345348
0.345348
0.345348
0.345348
-1.23614
-0.936644
0.335393
0.335393
0.335393
0.335393
0.335393
0.335393
0.335393
0.335393
0.335393
-0.169412
0.125297
0.227003
-0.768854
-0.768854
-1.43912
-1.15724
-0.826533
-0.826533
-0.826533
-0.826533
-0.826533
-0.826533
-0.692539
-0.692539
-0.692539
-0.692539
1.15117
1.15117
1.15117
0.260538
-0.443577
-0.443577
-1.2211
0.937638
0.802063
-1.00432
-0.752821
-0.752821
-1.22056
-1.70046
-0.744908
0.348602
-1.57909
0.535583
-1.17973
-0.380021
-0.380021
-0.380021
-1.28533
-0.294732
0.575284
0.575284
0.575284
-1.62459
-1.62459
-1.62459
-1.62459
-1.18365
-1.18365
-1.18365
-1.18365
-0.679536
0.979286
-0.334743
-0.334743
0.882765
0.882765
-1.096
-0.495561
-0.113156
-0.913666
-0.913666
0.289461
0.401999
0.401999
0.401999
0.401999
0.368413
0.80955
0.80955
0.892274
0.892274
-0.909668
0.928695
0.928695
0.928695
0.928695
-0.895656
-0.895656
-0.863122
-0.863122
1.193
1.193
0.671519
-1.32285
-0.63687
-0.63687
-0.860733
-1.563
0.222557
0.222557
0.222557
1.14717
0.411271
0.72169
0.519706
0.519706
1.31745
1.31745
0.764291
0.764291
-0.59289
-0.59289
1.61491
1.37927
1.37927
1.50134
1.50134
1.50134
1.23668
-0.4911
-0.4911
0.0410802
-0.920862
-0.920862
-0.920862
0.7821
0.7821
0.7821
0.7821
0.7821
-0.62632
-0.542411
-0.542411
-0.700453
-0.700453
-0.842576
-1.74366
-1.74366
-1.79556
-1.79556
-1.12594
-0.130105
-0.130105
-0.130105
0.695007
0.695007
-0.269102
-0.269102
-0.269102
-1.65765
-1.65765
-1.65765
-0.458427
-0.458427
0.461553
0.461553
-0.490076
0.294553
0.294553
0.294553
0.294553
0.294553
0.398171
0.398171
0.398171
0.14778
0.14778
-1.07294
1.40898
1.40898
1.40898
1.52609
0.111299
1.44752
1.44752
1.44752
0.026021
0.026021
0.399981
0.399981
0.399981
-0.0100437
1.7786
1.7786
0.314864
0.314864
-1.29953
1.10503
1.10503
0.35547
1.03147
-0.547387
-0.641693
-0.199481
-0.199481
0.242741
0.905826
0.905826
0.632464
0.632464
0.632464
0.632464
0.632464
0.632464
0.550329
-0.288847
-0.701382
-0.701382
-1.76727
-1.76727
-1.90718
-1.60687
-1.24601
-0.158279
-0.272531
1.00969
1.00969
1.00969
-0.613596
-0.613596
-0.613596
0.251441
0.791867
0.791867
0.772729
0.476399
0.476399
-1.25135
-1.25135
-1.25135
-1.25135
0.349762
0.349762
0.25117
0.25117
-0.976936
-0.976936
0.908065
1.23049
1.23049
1.23049
1.33973
1.33973
1.33973
-0.2804
-1.42647
-0.0444668
-0.0444668
-0.0444668
-0.819171
-0.819171
-1.06997
-1.06997
-0.613265
-0.613265
-0.613265
-0.448151
0.638622
0.638622
0.89454
1.04284
1.04284
1.04284
-1.03824
-0.379148
-0.379148
-0.0565067
-0.0565067
0.555622
-0.494704
0.18032
0.15823
0.774688
0.638273
0.638273
-0.51361
1.40527
0.12769
-0.349826
-0.349826
-0.376592
-0.376592
-1.18471
1.16674
-1.20842
-1.20842
0.0382205
-1.08809
0.590688
0.590688
0.590688
-1.08767
-1.62524
-0.414748
-0.414748
-0.414748
-0.414748
0.67852
-0.115922
-0.115922
1.44289
0.813052
0.813052
0.813052
0.813052
0.570496
-1.32685
1.14418
1.14418
1.14418
-1.20394
-1.20394
-0.383116
-0.383116
-0.144573
-0.144573
-0.144573
-0.144573
-0.559037
-0.559037
-0.258618
-0.258618
-0.258618
-1.00379
-1.00379
-1.00379
0.987731
0.987731
0.809077
0.262377
1.53167
-0.623312
-0.623312
1.16169
0.934463
1.17922
1.17922
1.17922
0.516538
0.516538
-1.04038
-1.04038
0.0197908
-0.338062
-0.338062
-0.338062
-0.338062
-0.338062
-0.338062
-0.338062
-0.691155
-0.0186712
-0.71242
-1.23793
-1.23793
-1.335
-0.58157
-0.58157
-0.58157
-0.58157
-0.58157
-0.382137
0.520585
0.520585
0.520585
0.520585
0.520585
0.520585
0.520585
-0.624063
-0.624063
-0.624063
0.540435
0.540435
0.540435
1.08111
0.328644
-0.728681
-0.728681
-1.17377
-1.51179
-1.38981
-1.02864
-1.02864
-1.11901
-1.11901
0.686393
0.566964
0.566964
0.566964
-1.26236
-0.0563232
-1.40174
-0.926795
-0.926795
-0.926795
-0.926795
-0.926795
-0.926795
-0.926795
-0.454371
-0.277202
-0.277202
-0.277202
-0.277202
-0.277202
-0.277202
-0.277202
-0.277202
-0.277202
-0.298611
-0.287523
1.55912
1.55912
-0.512117
0.745931
0.745931
0.745931
0.952044
0.952044
0.994044
-0.865238
-0.865238
0.319461
0.319461
0.319461
0.427663
0.790852
0.452611
0.452611
-1.05598
-1.05598
-0.234035
0.112662
0.112662
0.646802
0.646802
0.646802
-0.555529
-1.21639
-1.21639
0.0994062
0.0994062
0.619362
0.619362
0.619362
0.619362
0.953053
0.953053
0.953053
0.517566
-0.63337
-0.63337
-0.63337
-0.354629
-0.354629
-0.354629
-1.44509
-1.21345
1.19987
1.19987
-0.0942604
0.303153
0.303153
-0.484825
-0.484825
-0.484825
-0.484825
-0.484825
-0.484825
-0.757677
-0.798529
-1.20082
1.12566
1.12566
1.12566
1.12566
1.08354
0.683481
-0.165529
-0.165529
-0.165529
-0.165529
0.0850278
0.0850278
0.040539
0.040539
0.040539
-0.279738
-0.868268
-1.27429
0.766689
0.766689
0.766689
0.573716
0.945843
0.945843
0.471518
0.82376
0.82376
0.82376
-0.882136
0.282513
0.282513
0.282513
0.00044651
-0.44841
-0.68347
-0.68347
-0.68347
-0.68347
-0.428212
-0.453751
-1.01347
-1.01347
-1.01347
0.280633
1.54482
0.123556
0.11885
0.11885
-0.0299989
1.02694
-0.575735
-0.575735
1.1687
0.241211
-0.302136
0.479789
0.198541
0.916826
-0.76301
-0.76301
-0.74242
-0.74242
-0.74242
-0.74242
-0.74242
-0.74242
-0.74242
-0.74242
-0.74242
-0.74242
-0.74242
-0.415424
-0.936001
0.692528
0.692528
0.692528
0.692528
0.692528
0.692528
-0.776937
-0.776937
-0.776937
-0.752754
-1.32569
-1.32569
-1.32569
-1.12237
-1.12237
-0.52293
-0.636918
0.811274
0.811274
0.906104
-0.778617
-1.08509
0.173827
0.457184
0.457184
0.457184
0.457184
1.05752
-0.651292
-0.651292
-0.651292
-1.08928
-1.08928
-1.08928
-1.08928
-1.08928
0.791161
0.791161
0.0936339
0.0936339
0.0936339
-0.472222
0.362372
-0.77708
-0.77708
-0.77708
0.64965
0.64965
0.64965
1.02597
1.02597
1.02597
1.02597
1.02597
1.02597
1.02597
1.02597
1.02597
1.02597
-0.535904
-0.535904
0.194961
0.805006
0.805006
0.886966
0.311234
-0.300841
-0.300841
-0.300841
1.07942
1.07942
-0.942944
-0.942944
-0.752314
-0.752314
-0.752314
0.9838
1.0418
1.0418
-0.70757
1.00669
-0.264976
-0.264976
1.23186
-0.788977
-0.788977
-0.788977
-0.788977
-0.788977
-0.788977
-0.788977
-0.358251
-1.05953
0.90013
0.90013
0.15184
0.15184
0.0488973
0.0488973
1.29199
1.29199
0.80594
0.80594
-0.505296
-0.505296
0.982677
0.982677
0.982677
1.00441
-1.23217
-1.14399
0.689118
0.555378
0.555378
0.555378
-0.974156
-0.974156
-0.974156
-0.974156
1.28856
1.28856
-0.390015
-0.390015
0.537241
0.679188
0.679188
0.0656136
0.0656136
0.0656136
-0.344189
-0.344189
-0.432081
-0.432081
-0.432081
1.00247
-0.420507
1.07358
1.30508
0.284631
0.359165
0.359165
0.359165
1.69086
0.89068
0.89068
0.89068
-0.89654
0.534679
0.326703
-0.0635933
0.447738
0.305255
-0.277499
-0.277499
-0.277499
0.746585
0.746585
0.746585
0.746585
0.746585
0.746585
0.315611
0.400956
0.532902
1.36972
0.0366849
0.0366849
0.554107
0.554107
0.554107
0.554107
0.285185
-0.00584904
-0.00584904
-0.00584904
-0.662099
-0.908388
-0.908388
1.42663
0.826601
0.826601
0.826601
0.826601
0.826601
0.826601
0.826601
0.826601
0.826601
-0.134463
-0.524765
-0.524765
-0.524765
-0.524765
-0.524765
-0.524765
-0.524765
-0.524765
-0.524765
-0.524765
0.295691
-1.05772
0.156102
0.156102
0.156102
0.156102
0.166483
0.166483
-1.06546
-1.06546
0.890785
0.890785
1.23047
0.588694
1.19156
0.102009
0.102009
-0.555474
0.724918
0.724918
-0.841772
1.52712
1.52712
1.52712
1.52712
1.52712
1.49231
1.49231
1.49231
-0.100385
-0.159964
1.32136
1.32136
1.32136
0.860292
0.343939
-0.44507
-1.22829
0.308804
0.3975
0.369928
0.369928
0.630636
1.45366
-0.467161
-0.467161
-0.467161
-0.492518
-0.492518
-0.492518
-0.492518
-0.492518
-0.492518
0.361704
-0.513639
-0.402435
-0.402435
-0.402435
-0.402435
-0.402435
-0.402435
-0.402435
1.18088
-0.0833907
1.01836
1.01836
1.01836
-0.945804
0.425412
0.425412
0.425412
0.425412
0.425412
0.425412
0.425412
0.749144
0.749144
0.749144
0.749144
0.749144
0.749144
0.976687
0.910565
0.910565
-0.859695
-0.859695
1.2907
1.2907
0.154442
0.154442
1.41417
-1.06984
-1.06984
-1.06984
-1.23647
-1.38074
-1.38074
0.495071
-0.317466
-0.317466
-0.317466
-0.317466
-0.317466
-0.958
0.162575
0.162575
0.162575
0.659686
0.659686
0.659686
-0.570011
-0.570011
-0.570011
0.588201
0.588201
0.8242
0.669366
0.669366
-0.019386
-0.019386
-0.697624
-1.1551
-1.1551
-1.1551
0.272204
0.272204
0.272204
-0.973885
-0.973885
-0.973885
0.551364
1.08846
0.423101
0.423101
0.423101
-0.312943
-0.312943
-0.312943
0.620131
0.338537
-0.887673
-0.887673
-0.55544
0.93521
0.648701
0.702206
0.702206
0.702206
0.702206
0.702206
0.702206
0.210038
-1.12407
-0.911191
-0.911191
-0.911191
-0.911191
0.993092
0.993092
0.993092
0.993092
0.894243
1.17505
1.17505
1.17505
0.483097
0.483097
1.11838
1.11838
0.9356
0.295678
0.710176
0.710176
0.710176
-0.715281
0.218119
-0.0498915
0.632763
0.632763
0.632763
0.218198
0.181039
-0.798681
-0.160631
-0.793455
-0.793455
-0.793455
-0.966583
-0.966583
-0.219827
1.10419
1.10419
1.10419
1.10419
0.0343792
0.0343792
0.0343792
1.48226
1.48226
1.3615
0.578573
1.06102
1.10227
1.10227
1.10227
1.10227
1.10227
1.10227
0.119008
0.119008
0.392157
0.392157
-0.371139
1.28017
-0.0517403
0.879552
0.879552
0.816151
0.678163
-0.761312
1.14752
1.14752
1.14752
1.14752
-0.791662
-0.791662
-0.910495
-0.910495
0.36198
0.103112
0.0741627
0.0741627
0.0741627
-1.11687
-1.11687
-1.11687
-0.481737
-0.664884
-1.62571
-1.62571
-0.776572
0.584704
0.298634
0.344217
-0.867493
-0.867493
-0.867493
0.0349064
0.665735
0.665735
-0.0107855
-0.0107855
-0.0107855
1.05637
-0.345194
-0.345194
1.09312
-1.16777
0.385499
-0.70535
-0.70535
0.143681
-0.74484
-0.74484
-0.74484
-0.535295
-0.535295
-0.535295
-0.615051
-0.615051
-0.48762
-0.491011
-0.786132
-0.786132
0.910936
0.910936
-0.844497
-0.844497
1.09042
-1.11717
0.132523
-0.586676
-0.759621
-0.759621
-0.111864
-0.111864
-1.12549
-1.12549
-0.68695
0.975426
-1.0667
1.32863
0.893671
0.893671
-0.89818
-1.16413
-1.16413
1.15523
1.15523
1.15523
-0.177147
-0.177147
-0.177147
-0.177147
1.43809
1.43809
0.404238
0.404238
-0.951498
-0.951498
0.934333
-0.557684
-0.557684
-1.09041
0.379996
-1.2081
0.922149
0.922149
0.922149
-0.355434
1.49437
1.49437
1.49437
1.49437
1.49437
-0.950121
-1.03478
1.42354
1.42354
-0.172264
-0.172264
0.395462
0.395462
0.395462
0.395462
0.756025
0.756025
0.756025
1.54526
1.54526
-0.0954528
-0.0954528
-0.0954528
-0.0345515
1.28471
0.836195
0.836195
0.836195
0.836195
-0.707162
-0.707162
-0.707162
0.413368
0.413368
-0.636797
-0.636797
-1.00476
-0.214296
-0.214296
-0.648446
-1.16443
-1.16443
-1.16443
-1.16443
-1.23429
0.0674135
0.0674135
-0.869989
-0.869989
-0.869989
-0.869989
-0.869989
1.02359
1.02359
1.02359
1.02359
1.02359
0.0653257
0.0653257
0.0653257
0.0653257
0.750417
-0.141384
1.13234
1.13234
0.0271424
0.767055
0.767055
0.379545
-0.0662059
-1.16718
-0.0859322
-0.0859322
-0.0859322
-1.20624
-1.27273
-0.202679
-0.985838
0.681292
0.681292
0.681292
-0.639653
-0.367254
-0.367254
0.814622
-0.648236
-0.648236
-1.26021
-1.26021
-1.85023
-1.85023
-1.85023
-0.218452
-0.853254
-0.853254
0.425073
0.927457
0.927457
-0.744458
-0.377964
1.02336
1.02336
-1.3192
-1.3192
0.354294
-0.44774
0.86448
0.86448
0.86448
0.86448
0.86448
0.86448
0.972999
0.972999
0.972999
0.972999
0.361622
1.44669
-0.242812
0.423506
1.12787
-0.122151
0.33945
0.33945
-0.526189
1.30817
1.30817
1.30817
0.620889
0.620889
0.507045
-1.2224
0.698709
0.698709
1.22408
1.22408
1.22408
1.22408
0.541853
0.466623
0.648668
0.116898
-0.958438
-0.694203
-0.694203
-0.603075
-0.603075
-0.603075
-0.603075
-0.603075
-0.603075
-0.603075
-0.603075
-0.603075
0.603599
-0.00299923
1.02956
1.02956
1.02956
1.02956
0.133152
0.133152
-0.708597
0.311215
-0.603948
-0.603948
-0.603948
-0.603948
0.515598
0.515598
1.23745
1.23745
-0.00116086
1.40631
-0.925553
-0.403316
-0.403316
-0.403316
-0.403316
-0.403316
1.25317
-0.854447
-0.854447
-0.854447
-0.854447
-0.575892
-0.575892
-0.897705
0.721966
0.721966
-1.72117
-1.72117
-1.42741
-1.42741
-1.42741
-0.707902
-1.36318
-1.36318
-1.13245
-1.13245
-1.35335
-1.35335
0.715882
0.715882
-0.599993
-0.921556
-0.590389
0.641207
0.641207
0.641207
0.641207
0.45797
0.45797
0.45797
0.0999454
-1.29433
-1.29433
-1.29433
-1.29433
-1.29433
1.1424
-0.963704
-0.963704
-0.963704
-0.963704
-0.709947
-0.709947
-1.39487
-1.39487
-1.39487
-0.717407
0.666615
0.666615
-0.691902
-0.612815
-0.612815
-0.612815
0.569393
-0.573481
-0.573481
-0.437882
1.39509
-0.391464
-0.483875
-0.0224308
-0.0224308
-0.0224308
-0.0224308
-0.0224308
0.303174
-0.557615
-0.0928837
-0.0928837
-0.0928837
-0.0928837
-0.0928837
-0.0928837
-0.0928837
0.373453
-0.282441
0.168584
-1.68317
-0.6957
-0.6957
-0.6957
-1.2212
-0.621188
-0.621188
0.304891
0.304891
1.11419
0.335605
-0.688853
-0.688853
1.29145
1.29145
0.974674
0.974674
-0.868902
0.899981
1.04182
-0.189615
-0.189615
-0.189615
-1.4831
-1.4831
-0.82571
0.896004
0.896004
0.512733
0.297609
0.297609
0.135139
0.505975
-0.160688
1.16841
1.16841
1.16841
1.23356
0.908447
0.908447
0.908447
0.171932
-0.758902
-0.758902
0.715275
0.715275
0.715275
0.715275
-1.53112
-1.53112
-1.53112
-1.17253
-1.17253
-1.17253
-1.17253
0.8719
0.8719
1.32533
0.822005
1.06464
1.06464
0.490217
-0.68437
-0.68437
-0.68437
-0.817913
-0.0910136
-0.0910136
-0.0910136
-0.643784
-0.643784
-0.643784
-0.53681
-0.336256
-1.20448
0.193335
-0.593608
-0.593608
-0.593608
0.0597454
-0.238432
1.01309
1.01309
0.413212
0.413212
0.413212
0.196593
0.426948
0.426948
-1.05615
0.368199
0.457475
0.457475
0.457475
0.457475
0.457475
0.457475
0.457475
1.1764
0.56636
-1.65974
-0.946065
-1.09677
-0.929236
-0.929236
1.46981
-0.588491
-0.735841
-0.735841
0.0508748
0.0508748
0.351454
0.522441
1.34726
-1.00181
-0.163866
-0.163866
-0.163866
-0.163866
0.987552
0.987552
0.816206
1.34687
-1.01964
-1.01964
-0.274599
-0.274599
0.22195
0.329008
-0.0714207
-0.0714207
0.877199
0.877199
0.877199
0.877199
0.877199
-0.685092
-0.857359
-1.01039
-0.278239
1.03805
-0.83323
0.986753
0.986753
1.07313
1.07313
0.351051
1.1097
1.1097
0.41011
-1.53373
-0.0482779
0.479738
-0.951719
-0.699906
-0.699906
-0.699906
0.921935
0.921935
0.921935
0.921935
0.921935
-0.832464
-0.832464
-0.832464
-0.832464
0.621701
0.621701
0.621701
0.621701
0.621701
0.621701
0.621701
0.621701
0.642865
0.75457
0.75457
0.75457
0.75457
0.75476
0.75476
0.75476
0.75476
0.75476
-1.7069
0.0511359
-0.700125
-0.700125
-0.700125
-0.700125
-0.700125
-0.700125
-0.700125
-0.557917
-0.557917
-0.557917
-0.557917
0.412319
0.412319
0.410721
0.410721
-0.531806
-0.531806
-0.794847
-0.794847
-0.860986
0.892995
0.892995
0.440224
-0.0718688
-0.0718688
-1.18359
-0.719419
-0.987495
1.28283
-1.1169
-1.1169
-0.71411
-0.71411
-0.71411
1.08488
1.08488
0.681782
0.681782
0.681782
0.0532343
0.0532343
0.0532343
0.0532343
0.322932
0.322932
-0.571583
-1.63928
-0.358808
-0.657226
-0.00895778
-0.00895778
-1.09872
-1.09872
1.04008
0.73574
0.459438
0.459438
0.459438
0.459438
0.443834
0.443834
-0.301497
-0.301497
-0.301497
-0.301497
-0.676021
-0.676021
-0.676021
-0.676021
-0.676021
-0.676021
-0.44025
1.43779
1.59923
1.59923
1.59923
1.59923
1.59923
1.59923
1.59923
0.134294
0.134294
-0.562478
-0.161686
-0.161686
-0.161686
0.275944
-0.969904
0.0480322
0.311531
1.24068
1.24068
1.24068
1.24068
1.24068
1.24068
-0.781504
-0.781504
-0.781504
1.19345
1.19345
-0.0127453
-0.0127453
-0.0127453
-0.611566
-0.611566
0.273105
0.34216
0.269321
0.100137
-1.31371
-1.31371
-1.31371
0.634316
0.634316
-0.27421
-0.113587
-0.113587
1.16147
1.16147
-0.744979
-0.744979
-0.285043
-0.285043
-0.285043
-0.285043
-1.03586
-1.03586
-1.03586
-0.767835
-0.767835
-0.767835
-0.767835
1.14616
1.14616
0.11634
0.11634
-0.767122
-0.767122
-0.767122
0.288915
0.288915
-1.0497
-1.0497
-0.279618
-0.279618
-1.01203
-1.01203
-0.984578
-0.911838
-0.911838
-0.911838
-0.911838
-0.911838
-0.911838
-0.911838
-0.911838
-0.911838
0.858647
-1.06307
-1.06307
-1.06307
0.479015
0.356969
1.2428
0.0394999
1.14371
1.14371
0.668723
-1.14141
-1.14141
-0.701837
-0.701837
-0.701837
-0.904325
-0.904325
-0.904325
-0.904325
-0.904325
-0.927836
-0.25225
-1.24844
0.603291
0.603291
0.84363
0.84363
0.646984
-0.263998
-0.187829
0.493311
0.493311
-0.995653
-0.995653
-0.930341
-0.382504
-0.382504
-0.382504
-0.382504
-0.382504
-0.382504
-0.382504
0.679611
1.13231
0.217694
0.217694
0.217694
2.18547
2.18547
2.18547
2.18547
2.18547
2.18547
2.18547
2.18547
2.05022
2.05022
1.26522
1.26522
-0.690564
-0.690564
-0.20084
-0.20084
-0.20084
-0.20084
0.735383
1.27181
-0.395849
-0.732172
-0.732172
-0.596864
0.285792
0.285792
-0.813636
0.457291
0.457291
0.457291
0.457291
0.457291
-1.24104
-1.24104
1.11107
1.11107
1.11107
1.11107
1.11107
1.1272
0.589403
0.339503
-0.837956
-0.837956
0.289031
0.289031
0.289031
-1.17821
0.995135
0.995135
0.995135
0.995135
0.995135
0.995135
-0.625455
-0.913415
-0.913415
-1.0747
1.01261
1.01261
1.01261
1.01261
1.11112
0.0600288
-0.509331
-0.509331
-0.509331
-0.509331
-0.509331
-0.509331
1.37383
1.67472
0.914887
0.914887
0.483352
-1.04307
-1.04307
-1.04307
1.09454
-0.386369
0.1083
0.1083
0.1083
-0.521534
-0.521534
-0.521534
-0.521534
0.369046
1.38595
0.32122
0.0269021
0.0269021
-1.39534
-1.39534
0.196627
-0.715866
-0.382088
-0.382088
-1.34094
0.850768
0.850768
0.850768
0.850768
-0.431003
-0.431003
-0.431003
-0.431003
0.863006
0.863006
0.863006
0.972559
0.972559
0.685199
0.479382
0.479382
0.479382
0.479382
0.479382
-0.611076
-0.93203
-0.93203
0.0257073
0.42672
0.42672
0.42672
0.42672
0.42672
0.42672
0.110243
0.110243
-0.317725
1.12414
1.12414
1.12414
-0.586749
-0.586749
-0.739232
-0.0655623
-0.0655623
-0.0655623
0.117841
1.04291
0.562252
-1.41003
-1.41003
0.356295
0.54913
-1.26813
-1.26813
-1.24696
-0.176569
-1.12405
0.66142
0.66142
0.66142
0.66142
0.828537
0.828537
0.828537
0.828537
0.828537
0.478673
1.24178
-0.973508
-0.973508
-0.973508
-0.62838
-0.62838
-0.471724
-0.471724
-0.471724
1.41318
-0.13415
0.874968
0.874968
0.425179
0.425179
0.425179
0.00464204
-0.123081
-0.123081
-0.123081
1.20339
1.20339
0.0496301
1.86199
0.0762404
0.0762404
0.0706432
0.0706432
0.96674
0.96674
1.42032
-0.686845
-0.686845
-0.686845
-0.686845
-0.661719
-0.661719
-0.661719
-1.11448
-1.11448
-1.11448
-0.558811
-0.558811
0.0568306
-0.356002
-1.01312
-1.01312
-1.11273
0.747249
0.747249
0.747249
0.747249
0.747249
-0.170055
-0.170055
-1.84183
-1.84183
0.29427
0.29427
0.29427
0.29427
1.08695
1.08695
1.08695
0.627957
0.627957
0.627957
-0.0466125
0.217367
-0.883045
-0.883045
-0.883045
-0.883045
0.636239
-0.0424026
1.12757
-1.00002
0.803476
0.803476
-0.922595
-0.922595
-0.922595
-0.0620616
-1.21415
-1.21415
-0.250271
-1.62301
0.0495519
1.33318
0.471325
-0.441455
-0.441455
1.36784
0.266441
0.266441
0.6788
-0.715476
1.02307
0.83743
0.0736358
0.0736358
-1.13518
-0.646443
-0.646443
-0.646443
-0.646443
0.807905
0.426399
-1.46982
-0.568064
-0.568064
-0.568064
1.27468
0.922642
0.246409
0.140657
-1.18869
-1.18869
-0.82632
-0.82632
-0.705085
0.541142
0.168917
0.168917
0.0542248
0.0542248
0.0542248
0.0542248
0.969555
0.969555
0.969555
0.969555
0.969555
-0.0797304
-0.0797304
1.44319
0.940264
-1.32885
-1.30033
-1.30033
-0.599305
-0.599305
-0.599305
0.451983
0.451983
0.451983
-1.04037
-1.04037
-1.04037
-1.04037
-0.887005
-1.35518
-0.948501
-0.948501
-0.91169
-0.91169
-0.083321
-0.083321
-0.786296
-1.24115
-1.22204
-1.22204
-1.22204
-1.22204
-1.22204
0.478617
-1.34857
-1.34857
-1.01346
-0.76373
-0.76373
-1.44439
-1.44439
-1.44439
-1.09561
-1.09561
-1.09561
-0.595989
-0.595989
-0.595989
-0.58938
-0.58938
-0.651319
-0.651319
-0.651319
-0.651319
-0.651319
0.485004
0.485004
0.485004
-1.07439
-1.07439
-1.07439
-0.551255
0.294289
0.294289
0.294289
0.294289
1.38295
1.38295
0.54158
0.54158
-0.171957
1.24343
1.24343
-0.807506
-0.807506
-0.807506
-0.807506
-0.807506
-0.807506
0.683454
0.683454
0.683454
0.257179
0.926799
0.926799
-0.635586
-0.635586
-0.944901
-0.944901
-0.772322
-0.916954
-0.916954
-0.916954
-0.916954
-0.916954
-0.916954
-0.916954
-0.916954
-0.402691
-0.270292
-0.270292
-0.270292
-0.270292
0.732903
0.732903
0.732903
0.788744
0.788744
0.788744
0.788744
-0.999297
-0.999297
-0.999297
-1.11522
0.692522
0.692522
1.51599
1.41024
-0.907552
-0.762174
-0.762174
-1.08457
-1.08457
0.778612
0.778612
0.708357
-0.839513
-0.866552
0.836444
-1.19991
-0.725073
-0.708824
-0.708824
-0.708824
-0.708824
-0.708824
-0.708824
-0.872547
-0.872547
-1.28294
-1.28294
-1.28294
-0.10326
-0.10326
0.905371
0.527347
0.275683
0.275683
-0.140997
-0.140997
-0.77007
-0.77007
-0.77007
0.613451
-0.360734
-0.747251
0.873486
0.240453
0.240453
0.240453
0.240453
0.960108
0.960108
0.960108
-0.46254
0.229258
0.229258
0.229258
-0.328618
-0.328618
0.187509
0.187509
-0.610145
-0.0235724
-0.0235724
-0.0235724
-0.0235724
1.09786
1.09786
1.09786
-0.046864
-0.046864
0.811201
-0.729794
0.966489
0.966489
-1.51666
-1.51666
-1.51666
-0.841343
1.4268
-0.326439
-0.326439
-0.218527
-0.218527
0.957074
0.128187
0.128187
0.128187
0.128187
0.128187
0.445403
-0.237302
-1.00118
0.153107
-0.844992
0.307249
0.307249
0.307249
0.307249
-0.382252
-0.678391
-0.678391
-0.678391
-0.678391
0.237649
0.295663
0.295663
1.23683
1.23683
1.23683
0.193611
0.193611
0.193611
0.193611
-1.29193
0.981088
0.981088
-1.27326
-1.27326
-0.0234669
-0.692078
-0.692078
0.731455
-0.576058
-0.647121
-0.647121
-0.945323
-0.945323
-0.945323
-0.945323
-0.945323
0.243675
0.243675
0.243675
-0.892882
-0.892882
-1.01312
-1.01312
0.490219
-0.566013
1.72097
0.518446
0.518446
1.56988
1.56988
1.56988
1.56988
0.179737
-1.19927
0.437516
0.555951
0.555951
-0.542457
-0.542457
-0.542457
-0.376121
-0.376121
-0.698435
-0.698435
-0.698435
-0.437365
-0.740884
-0.893946
0.835388
-0.512777
-0.512777
-1.01776
0.980424
0.17396
1.37324
0.068914
0.068914
0.068914
0.068914
-1.2925
-1.2925
0.371469
-0.143511
-0.143511
1.00856
0.901127
0.901127
-0.223545
-1.28709
0.817609
0.817609
0.817609
0.599632
-0.236845
0.87883
0.765971
0.765971
0.765971
0.765971
0.765971
1.1704
1.51717
-0.725911
0.0961753
0.0961753
-0.466214
-0.466214
1.33364
0.609147
-1.22577
-1.22577
-1.22577
-1.22577
0.4165
-0.715606
-0.37104
0.816472
0.7807
0.7807
0.972123
1.20022
1.35403
-0.884193
1.0484
-0.254621
1.29834
1.29834
-0.775436
-0.775436
-0.775436
-0.775436
-1.1507
-1.1507
-0.0442784
-0.566716
-0.566716
1.0527
1.0527
1.72872
1.72872
1.72872
-0.0680537
-0.826274
-0.826274
-0.826274
0.430634
-0.233973
0.729608
0.729608
0.729608
-1.00091
-1.00091
0.416405
0.416405
-1.38148
0.404131
1.68272
1.26196
-1.19538
-0.115566
-0.115566
-0.115566
0.420614
0.420614
0.420614
0.420614
1.44197
1.44197
0.77013
0.722575
-1.32838
0.761911
0.761911
0.761911
0.761911
-0.449311
-0.449311
-0.972954
-0.972954
-1.61794
-0.343164
-0.343164
-0.343164
0.357451
-0.687095
0.07022
0.07022
0.0921404
0.792035
-0.492448
1.25212
0.965554
1.23773
-0.408621
-0.504937
1.34828
-1.08414
1.13052
1.13052
0.965574
-0.678855
-0.678855
-0.697795
-0.697795
-0.697795
-0.697795
-0.683035
-0.683035
-0.683035
-0.683035
0.452117
0.178384
0.128041
1.40584
-0.0874111
0.563787
0.563787
-0.468078
-0.0518762
-0.0518762
-0.0518762
0.359455
0.470302
0.470302
0.470302
-0.351651
-0.351651
-0.269896
1.50268
1.50268
1.50268
1.81548
0.0591994
-1.34423
-1.34423
-1.6605
0.304035
0.304035
-0.519218
-0.519218
0.571076
0.943537
0.943537
0.411082
-1.28363
-0.140308
0.0128243
0.0128243
0.0137885
0.0137885
-0.985711
-0.985711
-0.985711
-0.250552
1.51428
-0.31227
-0.564342
-0.564342
-0.564342
1.02378
1.02378
-1.19161
0.0331128
-0.0844473
-0.958234
-1.11655
-0.214528
1.34574
1.34574
1.34574
1.34574
1.15812
1.19808
1.19808
-0.71376
-0.71376
-0.71376
1.37388
-0.0290513
1.01381
0.0164091
0.786885
0.786885
0.786885
0.786885
0.786885
1.08953
1.08953
0.773425
0.230725
0.230725
-0.828503
-0.828503
-0.828503
-0.828503
-0.828503
-0.828503
-0.828503
-0.828503
0.540117
-0.6078
0.299298
-1.20116
-1.20116
-0.366724
0.908121
0.908121
-1.26398
-1.26398
0.978227
-1.1082
1.38965
1.38965
1.10662
1.10662
1.10662
1.10662
0.097618
0.097618
-0.450689
-0.450689
-1.08111
-1.08111
-0.880614
0.226727
1.07455
-0.90553
-0.90553
-0.589917
-0.589917
-1.0061
-1.0061
0.637393
-0.649967
-0.644319
1.64816
1.64816
1.64816
1.64816
1.64816
1.64816
1.64816
1.64577
1.64577
0.605389
0.605389
0.995535
0.995535
-1.09165
-1.09165
0.0731429
0.0731429
0.0731429
0.0731429
0.0731429
-0.957554
0.982166
0.982166
0.982166
1.42069
0.94198
1.04096
1.04096
1.01624
1.01624
-0.645643
-0.645643
-1.47307
-1.47307
-0.297565
-0.297565
-1.22857
0.365435
0.365435
0.365435
-0.901454
-0.419467
-0.419467
-0.419467
-0.816253
-0.816253
-0.488402
-0.488402
-0.488402
0.944055
-0.276096
-0.276096
-0.276096
-0.276096
-0.276096
-0.0769568
-0.0769568
-0.0769568
-0.903107
-0.311933
-0.311933
0.123332
-0.818743
-0.818743
1.58361
1.58361
1.58361
1.58361
0.412709
0.412709
0.412709
-0.302751
-0.302751
1.23829
0.567441
-1.10911
-0.961727
-0.961727
0.500949
0.500949
1.38068
1.38068
-1.03022
-1.18064
-1.18064
-0.462737
-0.462737
0.760721
-0.554424
-0.554424
-0.554424
-0.554424
0.383984
0.383984
0.383984
-0.141986
1.34423
1.34423
-0.979115
-0.194531
-0.194531
-0.624118
0.48871
-1.17916
-1.17916
-0.8274
-0.718945
-0.718945
-0.718945
-0.718945
-0.718945
1.1093
1.30454
1.30454
1.30454
1.30454
1.30454
-0.129521
-0.129521
-0.129521
-0.129521
1.05687
-1.26533
-0.29422
0.702857
1.22599
0.574921
1.19853
1.19853
1.19853
1.19853
1.19853
0.437483
0.880879
0.880879
0.880879
0.880879
0.880879
-0.613151
0.844994
0.528269
0.327779
0.327779
-0.388487
-1.13462
-1.13462
-1.24201
-0.0649281
-0.0649281
-0.0649281
0.351063
0.215488
1.47827
-0.338937
-0.338937
-1.07931
-1.07931
-1.07931
-0.461903
-0.461903
0.0498982
0.0498982
-1.39686
-1.39686
-0.860857
0.190628
0.190628
1.21189
-0.000612991
1.53259
1.58637
0.214661
1.52202
1.52202
1.52202
-0.0304737
-0.0304737
-0.0304737
-0.0304737
-0.0304737
0.524539
0.524539
0.524539
0.524539
0.22445
0.22445
1.62905
0.944503
0.944503
0.944503
-0.395559
-0.0637312
-0.0637312
-0.506415
-1.75875
-1.75875
-1.51158
-1.08645
-1.08645
-1.08645
1.16668
0.420225
1.14713
-0.695849
-0.695849
0.906528
0.994347
0.994347
-0.0200908
-0.0200908
-0.0200908
0.293762
0.293762
0.271531
0.271531
-0.968907
-0.50626
0.0256575
0.0256575
0.802343
-0.127994
-0.127994
-0.127994
-0.127994
0.82707
1.28325
-0.40129
-1.32775
0.198404
0.198404
0.198404
0.198404
0.198404
0.198404
0.198404
0.198404
0.198404
-0.81068
-0.81068
-0.313533
-0.313533
1.01922
0.628723
0.628723
0.0101001
0.0101001
-1.00231
-1.00231
-1.00231
-0.290785
-0.290785
-0.46748
-0.46748
-0.46748
-0.108442
-0.108442
1.33001
1.46069
1.46069
-0.694175
-0.694175
-0.694175
-0.694175
-0.694175
-0.694175
-0.694175
-0.694175
-0.694175
-0.694175
1.13416
1.13416
0.637368
0.637368
0.746542
0.746542
0.746542
-0.302628
-0.302628
1.14557
1.14557
-0.897906
-0.897906
-0.917955
-0.917955
-0.917955
-0.917955
1.08247
1.08247
0.681243
0.604082
0.375293
0.768742
0.819281
0.819281
0.819281
0.726774
0.726774
-1.07104
-0.372367
-0.372367
-0.372367
-1.25666
0.924389
0.511222
0.511222
1.34879
0.644882
-0.33961
-0.33961
-0.33961
-0.33961
0.596557
1.07012
1.07012
1.26669
1.26669
1.26669
0.0538814
-1.27547
-1.27547
-1.36385
-1.36385
-1.36385
-1.54374
-0.395618
-0.395618
-1.19629
-1.19629
-1.19629
-1.14971
0.00958724
0.00958724
0.00958724
0.00958724
0.00958724
0.00958724
-1.00178
-1.00178
-1.00178
-1.52145
-1.52145
-0.915153
-0.722847
-0.722847
0.63783
-0.912974
-0.83133
-0.83133
-0.83133
0.413386
0.413386
-0.0908878
-0.0908878
-0.759931
-0.171299
-1.56824
0.0472577
0.391678
0.447484
0.422199
1.52786
1.52786
1.52786
1.52786
1.52786
1.52786
1.52786
1.52786
1.52786
0.180645
0.180645
-0.898914
-1.33997
0.634178
0.900022
1.10016
1.10016
1.17034
0.85114
0.85114
0.745387
1.12186
1.12186
1.12186
-1.05637
0.526937
0.526937
0.526937
0.526937
0.526937
0.526937
-0.085672
0.619723
-0.240944
-0.240944
-0.240944
0.86831
0.74863
0.74863
0.74863
0.74863
-1.09925
-1.09925
1.06395
-0.899816
-0.899816
-0.899816
-0.899816
-0.899816
-0.899816
-1.02174
-1.02174
-0.525673
1.38951
1.38951
-0.816124
-0.816124
-0.816124
-0.957532
-0.414506
-0.414506
-1.33516
-1.33516
-1.33516
-1.33516
-0.613091
-0.00502195
0.938745
0.938745
-0.323594
-0.323594
-0.323594
-0.323594
-0.328744
-1.75042
-1.75042
0.563314
-0.0526575
0.513033
0.400783
0.400783
0.400783
1.7518
1.7518
1.38033
1.38033
1.38033
-0.579845
-0.349665
-0.349665
-1.0446
-1.0446
-0.774521
-0.774521
-0.774521
-0.774521
-0.774521
-0.774521
-0.563939
-0.599044
1.08839
1.08839
1.08839
1.08839
1.08839
1.78626
-0.643827
0.442805
-0.860137
1.04905
0.224669
0.224669
0.685692
0.685692
0.685692
0.685692
0.685692
0.685692
0.685692
0.685692
0.685692
0.685692
0.342881
0.342881
0.342881
0.342881
0.282232
1.19191
1.19191
-0.953715
0.529236
0.529236
0.529236
0.529236
1.11923
-0.691729
-0.691729
1.47039
1.46408
1.46408
1.22952
1.22952
1.22952
0.180332
1.33338
1.33338
1.33338
1.33338
1.33338
0.287868
1.47002
1.47002
1.21392
1.21392
1.21392
-0.606155
-0.606155
-0.606155
-0.606155
-1.22678
-1.22678
-1.22678
-1.22678
-1.22678
-1.22678
0.357727
-0.6225
0.909796
0.909796
0.909796
0.211775
-0.0091584
-0.588592
0.566984
0.566984
0.566984
0.740323
0.740323
0.899101
-0.210305
-0.210305
-0.210305
-0.210305
-0.0644684
-0.0644684
-0.0644684
-0.0644684
-0.0644684
-0.0644684
-0.0644684
0.445155
0.445155
1.00224
0.51377
0.51377
0.51377
0.51377
0.51377
0.51377
1.14846
0.653979
-0.748677
-1.00469
-0.960707
-0.52533
0.989837
0.989837
1.43436
1.43436
1.43436
-0.757714
0.412851
0.877972
0.302255
0.304257
0.304257
-1.6175
-1.6175
-1.26684
-1.26684
-1.26684
-0.00399078
0.360136
-1.23301
-0.203146
0.724699
0.724699
0.724699
0.724699
-0.458614
-1.43505
-1.43505
-0.574063
-0.574063
0.371897
0.371897
-0.125184
-0.125184
-0.802577
-0.310675
-0.310675
-0.310675
0.140248
-0.272657
-0.272657
-0.272657
-0.384532
-0.743929
-0.743929
-0.507059
-0.507059
-0.507059
0.889451
0.889451
0.889451
0.889451
0.889451
0.804923
-0.540901
-0.540901
-0.540901
-0.540901
1.31629
-0.643781
-0.643781
-0.643781
-0.652571
-0.652571
-0.652571
-0.660888
-0.660888
-0.660888
-0.660888
-0.478388
0.104632
-1.17052
0.826849
0.826849
0.826849
0.826849
-1.55384
-1.55384
-0.474431
-0.474431
-1.22746
-0.567658
-0.567658
-0.393045
0.0368144
0.0368144
0.617711
0.617711
0.617711
0.617711
0.617711
-0.822835
0.61295
0.61295
1.61317
1.61317
1.61317
1.61317
-0.488303
-0.488303
1.08711
0.0886533
0.0886533
0.0886533
0.0886533
0.0886533
0.0886533
-1.46875
-1.46875
-0.673582
-0.0968596
0.570126
0.570126
0.402607
-0.431173
-0.431173
-0.431173
-0.256407
-0.256407
0.0103756
-0.573287
-0.573287
-0.463328
0.937073
0.937073
-0.923159
-0.923159
-0.923159
0.856069
0.856069
-0.095396
-0.095396
-0.095396
0.717805
0.363725
0.363725
-0.3722
-0.3722
0.245269
0.245269
0.245269
1.13652
1.13652
0.137167
-0.258591
0.955178
0.955178
0.955178
-0.823663
-0.566922
-1.11676
-0.0838346
-0.0838346
0.215579
0.215579
0.215579
0.215579
0.215579
0.773316
0.773316
0.872388
-1.00157
-1.04743
-1.04743
-0.913334
-0.913334
-0.913334
-0.913334
0.14341
0.592142
-1.04156
-0.475127
-0.475127
0.985936
0.985936
-0.0229975
-0.301302
1.28317
-1.21201
-0.895482
1.09799
1.09799
1.09799
-0.437493
-0.437493
-0.437493
-0.437493
-0.442644
-0.442644
-0.442644
-0.442644
0.313102
0.760416
-0.87872
-0.215221
1.70983
1.70983
1.70983
-0.0589175
-0.0589175
-0.67717
-0.67717
-0.67717
-0.67717
-0.67717
-0.67717
-0.145442
-0.459173
-0.201019
-0.201019
-1.04577
0.507134
0.707255
0.295261
-0.996727
-0.996727
-0.996727
-0.79072
0.719389
0.719389
0.719389
-0.206707
-0.338121
-0.455143
-1.39217
-1.39217
-0.116329
1.24481
1.24481
0.763603
0.763603
0.763603
1.30651
0.56299
0.56299
-0.580361
-0.580361
-0.580361
-0.580361
-0.542384
-0.496154
-1.08816
-1.08816
-1.08816
-0.470675
-0.470675
-0.470675
-0.470675
-1.18331
-1.18331
-1.18331
-0.735724
-0.922863
-0.922863
-0.922863
-0.922863
0.524099
-0.639721
-0.639721
-0.639721
-0.639721
-0.639721
-0.639721
-0.639721
-0.599699
-0.599699
-0.599699
1.5957
1.81374
1.03938
1.03938
-0.557078
-0.557078
-0.557078
-0.557078
-0.557078
-0.557078
0.590422
1.34073
1.15792
-1.29655
-1.29655
-1.29655
-0.823896
-0.823896
-0.823896
-0.921445
-0.921445
-0.921445
0.0952056
-1.43752
-1.28159
-1.28159
-1.28159
-1.28159
-0.92131
-0.92131
-0.92131
-0.92131
-0.92131
-0.92131
0.174388
0.874928
0.42283
1.17338
0.275414
0.275414
0.200553
0.100525
-0.117832
-0.117832
-1.25401
0.418193
0.918752
-0.291832
0.499166
0.499166
0.499166
-1.53147
-1.29132
-1.29132
-1.29132
-1.29132
-0.873641
-0.997514
-1.32986
-0.316349
-0.270172
0.793982
1.17276
-0.941908
-0.941908
0.60813
0.60813
0.60813
-0.246345
1.02503
-0.228689
-0.798138
-0.599809
-0.599809
-0.599809
-0.599809
0.91007
0.91007
0.91007
0.91007
1.31262
1.31262
1.31262
0.22374
0.22374
-1.1044
0.719869
0.719869
0.719869
0.719869
-0.336882
-0.282474
0.318549
-0.29635
0.784237
0.784237
-0.376482
-0.376482
-0.376482
0.838129
0.838129
0.838129
-0.438602
0.940007
1.14808
-0.150972
0.316254
0.302141
0.302141
0.302141
0.302141
0.302141
-0.169789
-0.967695
-0.967695
-0.967695
0.186613
0.771785
0.771785
0.917615
0.917615
0.917615
0.917615
1.39065
1.39065
1.39065
0.345653
0.589515
-0.366942
0.401467
-1.58844
-0.522933
-0.0650565
-1.01179
-1.01179
-1.01179
-1.01179
0.893654
0.827977
-1.27898
-0.695678
-0.695678
-0.695678
-0.695678
1.22791
1.00597
1.00597
-0.00304699
-0.127925
1.78086
1.78086
1.78086
0.653341
-0.0597394
-1.52927
0.534303
0.693985
0.693985
0.317278
0.317278
0.317278
0.317278
0.317278
-0.848359
-0.848359
-0.848359
-0.848359
-0.848359
-0.848359
-0.508088
-0.508088
-0.508088
-0.508088
-0.508088
-1.16234
-1.16234
-1.46748
-0.266702
-0.727051
-0.727051
-0.0755959
-0.0755959
1.02245
1.02245
0.206291
-1.87017
-0.744525
-0.744525
-0.744525
-0.744525
-0.744525
-0.744525
0.943185
0.943185
-0.263618
-0.0952251
-0.593853
-0.491923
-0.491923
-1.02126
-1.02126
-1.02126
1.36408
-1.04179
-1.04179
0.978242
-0.335508
-0.335508
0.276296
-0.816259
-0.816259
-0.816259
-0.760138
-0.760138
-0.760138
0.607709
-1.02451
-1.5383
-0.235106
-0.235106
-0.235106
-0.235106
-0.235106
0.3641
0.3641
0.3641
-0.572344
-0.572344
-0.572344
0.915557
0.915557
0.915557
0.915557
0.0757024
0.0757024
0.0757024
0.920912
0.770748
0.770748
0.770748
0.770748
0.0610111
0.0610111
0.0610111
-0.544271
0.841101
0.841101
0.841101
-1.01645
-0.608002
-0.252383
0.0603877
0.0603877
-0.508572
0.589364
0.589364
0.834635
0.834635
0.935049
0.935049
0.935049
0.935049
0.405252
0.351621
0.351621
0.351621
0.988576
0.988576
0.988576
0.988576
0.988576
0.637179
-1.69276
-0.384985
-0.384985
-1.0371
-1.0371
-1.0371
-0.685472
-0.685472
-0.685472
-0.685472
-0.685472
-0.685472
0.251542
1.32518
0.391387
0.391387
0.391387
0.391387
0.391387
1.41518
1.41518
1.41518
1.41518
0.472115
0.472115
0.472115
-0.410105
-0.410105
-0.410105
-0.410105
-0.410105
-0.410105
-0.410105
-0.410105
1.13806
0.718941
-0.509352
-0.255064
-0.255064
-0.255064
-0.255064
-0.255064
-0.616382
0.203693
-1.31281
-1.31281
-1.04431
-1.04431
1.44842
-0.973393
-0.393966
-0.393966
-0.393966
-0.393966
0.614746
0.614746
1.16315
1.16315
-0.0224662
-1.11412
0.571626
0.570658
0.570658
1.27024
0.260802
1.34149
1.38011
1.38011
1.38011
1.30901
1.30901
-1.00966
-1.00966
-1.00966
-1.00966
1.12116
1.12116
1.12116
-0.699312
-0.205162
-0.205162
0.624456
-0.699883
0.798097
-0.2575
-0.2575
-1.12468
-1.302
-1.07184
-0.874802
-0.730656
-0.730656
-1.17213
-1.17213
-1.05775
-1.05775
-1.05775
-1.05775
0.4146
-0.666255
-0.709234
-0.709234
-0.709234
0.586469
0.586469
-0.525908
-0.525908
-0.525908
-0.973512
0.951481
1.66105
1.66105
1.66105
1.13092
-0.956126
-0.956126
-0.956126
0.183368
-0.784977
-0.784977
-0.784977
-0.784977
-0.824285
-0.824285
-0.824285
-0.824285
-0.905802
0.121524
-0.661142
-0.709408
-0.962463
-0.962463
0.870784
0.870784
-0.118312
1.29104
1.29104
0.734363
-0.773026
-0.773026
-0.773026
0.0344524
0.0344524
0.809199
0.465081
0.505025
-1.25103
-1.25103
-0.903537
1.17084
-1.19484
-0.760824
-0.760824
-0.488179
0.723957
0.723957
0.723957
0.723957
0.723957
0.723957
0.723957
0.723957
0.723957
0.723957
0.723957
0.723957
-1.71951
-0.722452
-0.722452
-0.722452
0.712298
0.712298
0.712298
-1.34336
0.676291
-0.771686
-0.771686
-0.771686
-0.771686
-0.771686
-0.540476
-0.540476
-0.540476
0.505344
0.64804
0.64804
0.74731
0.74731
-0.285477
0.652882
0.652882
0.140341
0.949074
-0.218065
2.12867
1.95793
0.829196
0.0265999
0.0265999
0.0265999
-0.152795
-1.38227
-0.761824
0.78446
-0.661429
-0.661429
-0.661429
0.32713
0.228214
0.228214
1.30895
1.30895
-0.198042
-0.156321
-0.841752
-0.841752
0.980556
0.980556
0.980556
0.980556
0.330588
-0.40453
-0.40453
0.941931
0.941931
0.941931
0.941931
0.575919
0.575919
0.575919
-1.12018
-1.12018
0.0673442
0.297121
0.297121
0.297121
-1.10034
-1.94665
-1.94665
0.248235
0.248235
0.248235
-1.32714
0.922092
0.922092
0.922092
0.922092
0.922092
0.801761
0.183676
0.183676
0.183676
0.183676
0.948278
-0.209953
-0.27741
-0.27741
-0.892494
-0.892494
-0.892494
-0.892494
0.503056
0.432784
0.432784
0.432784
-0.285679
0.0282751
1.68241
-0.483187
-0.483187
-0.483187
-0.483187
-0.908955
1.30725
0.912022
0.912022
-1.04595
-1.13819
0.645879
0.701483
0.701483
0.701483
-0.603379
-0.603379
-0.603379
-0.603379
-0.461835
0.951001
0.951001
0.951001
-0.378483
-0.378483
-0.378483
0.182951
0.182951
-1.23214
-1.23214
-1.23214
-1.23214
-1.23214
1.25537
-0.0313587
-0.172355
-0.826989
-0.826989
-0.440224
-0.440224
-0.440224
0.93366
0.93366
0.93366
0.93366
-1.28291
0.98158
0.98158
0.563735
-0.731813
-0.32765
-0.32765
-0.32765
1.03785
1.03785
0.331955
0.214318
0.214318
0.428632
-1.12992
-1.12992
-0.94256
-0.94256
-0.630482
-0.630482
-0.59169
-0.585476
0.80702
0.981691
-0.761366
-0.761366
1.22723
1.22723
-0.095781
1.24015
1.24015
-0.0557268
-0.268848
-0.268848
0.450122
-1.93303
-1.42235
-1.52101
-1.52101
-1.05325
-1.30814
-0.053176
0.913026
0.913026
0.913026
0.913026
0.913026
0.0680543
1.13563
1.13563
1.13563
-1.31181
0.51944
1.50083
1.50083
1.50083
1.79145
1.79145
-0.0356992
-0.0356992
-0.0356992
0.068344
0.068344
0.068344
0.929411
-0.689015
-0.689015
0.583051
0.583051
-0.2829
-1.55368
-0.00612271
0.875628
1.14035
-0.898366
-0.898366
-0.321548
-0.0823888
1.31578
-0.198495
-0.648326
-0.648326
0.138914
0.138914
0.138914
-0.202683
-0.202683
1.73639
0.784687
0.784687
0.784687
0.784687
-0.0511028
-0.0511028
-0.0511028
-0.451336
0.689865
-1.04455
1.08251
1.08251
0.444572
0.0548193
-0.648713
-0.648713
-0.406338
-1.34512
-1.34512
-0.459201
0.624346
0.624346
0.624346
0.153547
0.153547
0.575946
0.575946
0.575946
0.575946
0.575946
-0.101948
-0.101948
0.484657
-1.45135
-0.830372
-0.830372
-0.879864
-0.654272
-0.654272
0.889182
0.565355
0.565355
0.565355
0.394342
0.745357
0.127868
-0.831709
-1.36184
-0.372472
-0.372472
0.911673
0.911673
0.911673
0.911673
0.911673
-0.204312
-0.204312
-0.204312
-0.204312
-0.204312
-0.961299
-0.961299
-0.109475
-0.109475
-0.109475
-0.513747
-0.513747
-0.513747
0.902598
0.902598
0.902598
0.702742
0.702742
-0.142555
-0.142555
0.876184
0.876184
-0.401963
0.856746
-0.410841
-0.410841
-0.410841
-0.410841
-0.552177
-0.552177
1.05646
1.05646
1.05646
-1.22861
-1.20977
-1.20977
-1.20977
-0.514514
0.92774
0.92774
0.309315
-1.56888
-1.56888
-1.56888
-1.32696
-1.32696
-1.23315
-0.809948
-0.317913
-0.317913
-0.317913
-0.317913
-0.317913
-1.14653
-1.14653
-0.328244
0.678615
0.678615
0.909571
0.909571
0.909571
0.909571
0.909571
0.909571
0.909571
0.909571
-0.90519
-0.504469
0.879858
-1.08184
-0.697978
-0.697978
-0.0628394
-0.0628394
-1.25625
-0.613012
1.0408
0.595723
0.595723
-0.807866
-0.737134
-0.737134
-0.615216
-0.615216
-0.734171
-0.734171
-0.913205
-0.913205
-0.913205
-0.913205
0.947634
0.45187
0.45187
0.45187
0.45187
0.45187
0.45187
0.45187
0.211783
0.546135
-0.407547
0.570118
0.570118
0.570118
0.570118
0.570118
0.570118
1.32496
1.32496
-0.225122
0.469352
0.469352
0.469352
-0.599862
-0.735221
0.61755
0.61755
-0.0551986
-0.775799
-0.425813
-0.425813
-0.425813
-0.788875
-1.25805
-0.484994
-0.484994
1.24318
0.0247703
0.0247703
-1.22753
-0.83421
-0.83421
-0.83421
0.639393
0.639393
0.639393
0.639393
-1.22133
-1.22133
1.23329
1.23329
0.206138
-1.17883
-1.17883
0.268564
0.268564
0.268564
0.268564
0.826439
1.26367
-1.18644
-0.422441
1.12835
1.12835
1.12835
1.29214
-0.299046
-0.299046
-0.135263
-0.716061
-0.716061
0.878138
0.120338
0.120338
0.120338
1.48843
0.228795
0.228795
-1.31186
-0.00124269
-0.00124269
-0.669691
0.946605
1.57833
1.57833
1.57833
0.2821
0.2821
0.694553
0.694553
0.694553
0.0761444
-1.3208
-1.3208
-1.3208
-1.3208
-1.3208
-1.3208
-1.3208
-1.3208
-1.3208
-1.3208
-0.228474
-1.54346
0.912446
-0.509358
-0.509358
-0.509358
-1.34459
-1.34459
-1.34459
-0.452027
-1.1924
1.29028
1.29028
1.29028
1.29028
1.29028
1.29028
1.29028
-1.19689
-1.19039
0.880356
0.662005
0.832922
-0.176517
0.211459
1.20567
1.20567
1.20567
1.04581
-0.149658
-0.149658
-0.183078
-0.377314
-0.916791
-0.916791
-0.916791
-0.916791
-0.916791
0.318714
0.318714
-0.963872
0.103791
0.103791
0.900086
-1.16512
1.03762
0.103428
0.103428
0.103428
0.664859
1.34267
0.0952532
0.370904
0.370904
0.370904
0.370904
-1.15283
-1.15283
-1.15283
-0.0941875
-0.0941875
-1.0318
-1.0318
0.0125788
0.76732
-0.410038
-0.453843
-0.453843
-0.453843
-1.19966
-1.45326
0.125971
-1.05079
0.148417
0.148417
-1.11643
-0.130867
-1.1808
1.0663
-0.616397
1.77297
1.77297
1.77297
1.77297
1.77297
1.77297
1.77297
1.77297
1.77297
1.77297
-0.431546
-0.431546
-0.431546
0.0692007
0.542565
0.349122
1.43455
0.258825
0.258825
0.258825
0.21199
-0.0479373
0.201798
-0.221383
1.14969
0.545447
0.526843
0.526843
0.258978
0.258978
-0.215846
-0.215846
-0.215846
0.155177
0.155177
-1.27534
0.500872
-1.38439
-0.529948
-0.238599
-0.238599
-0.238599
-0.238599
-0.238599
-1.01585
-1.38637
-1.38637
-1.28876
-1.28876
-1.28876
0.632839
-0.68815
0.286474
-0.710205
0.2699
-0.571309
-0.571309
-0.571309
-0.571309
-0.571309
-0.174909
-0.174909
-0.440196
-0.313227
-0.87239
-0.87239
1.48369
1.48369
1.07709
0.0139368
0.627392
-0.624794
0.152867
-1.27269
-1.27269
-1.27269
-1.1787
-1.43666
-1.43666
-1.43666
-1.43666
0.912777
-1.10333
-1.10333
-1.10333
-1.10333
-1.10333
-0.82316
-0.957842
-0.92696
-0.92696
1.06773
1.06773
0.44912
0.44912
-0.817593
0.30721
0.30721
0.30721
0.588974
0.588974
1.37311
0.925482
-0.991635
-0.991635
-0.991635
-0.762672
-0.762672
-0.762672
-0.762672
-0.762672
1.10961
-1.22459
-0.285762
-0.285762
-0.427919
-1.33194
0.993231
-0.491961
-0.491961
-0.491961
-0.999181
-0.885697
-0.885697
-0.885697
-0.885697
-0.255182
-0.255182
0.440532
0.440532
-0.665101
-0.665101
-1.42867
-0.42691
-0.42691
-0.684378
-0.938397
-0.938397
0.117944
1.25804
1.34611
1.34611
1.34611
1.0311
-1.24561
-0.0672426
-0.0672426
0.853757
0.853757
0.853757
0.853757
-0.905775
-0.905775
-0.210557
0.601577
0.501135
-0.712755
-0.712755
-1.4865
0.517877
0.406593
0.406593
-0.597584
0.224052
0.525943
0.525943
0.525943
-0.583555
-0.583555
-0.583555
0.199242
-0.203064
-0.203064
1.25831
-0.890304
-0.890304
-0.890304
-0.890304
1.06316
-0.93878
-0.637686
-0.637686
-0.637686
1.16811
1.16811
1.16811
-0.0100255
-0.0100255
-0.463683
-0.589636
1.08045
0.466347
0.466347
0.466347
0.466347
0.466347
0.573331
0.573331
-0.40481
-0.400807
-0.429975
-0.981066
0.237331
0.237331
0.237331
0.670454
0.670454
0.675048
-0.0991489
-1.10483
-1.10483
-0.303109
-0.303109
-0.756035
0.655808
0.655808
0.655808
0.655808
-0.483535
-0.323613
-0.323613
0.676503
0.676503
0.676503
0.676503
0.676503
-0.145021
-1.29336
-1.29336
-1.29336
-1.45331
-1.48389
0.317351
-1.93159
-1.93159
-0.82313
-0.82313
-0.89548
-0.89548
-0.661407
-0.661407
0.761262
0.761262
0.761262
0.761262
0.761262
-0.196494
-0.196494
-0.196494
-0.196494
-0.196494
-0.196494
1.0799
-0.630107
-0.630107
-0.630107
-0.630107
-0.630107
-0.630107
-0.630107
0.561691
0.27207
1.38477
0.0627662
0.0627662
-1.13169
-1.13169
0.358143
0.358143
0.0889144
0.513555
-1.18238
1.03287
1.03287
-0.324845
0.228747
0.228747
0.228747
0.228747
0.228747
0.228747
0.228747
0.228747
-1.25977
-1.25977
-1.25977
-1.25977
0.37976
-1.00473
-1.00473
-1.00473
-1.00473
-0.593937
-0.593937
0.826027
0.826027
-0.906574
-0.842652
-0.842652
-0.842652
-0.842652
0.83289
-1.06703
-1.06703
-1.06703
-1.06703
-1.06703
-1.06703
-0.696553
-0.696553
1.28312
0.064394
-0.0225794
-0.0225794
-0.0225794
-0.498406
-1.41923
-1.41923
-1.29799
0.841681
0.841681
0.841681
0.841681
0.841681
0.841681
0.841681
0.841681
0.841681
-0.951371
-0.951371
-0.951371
-0.345725
0.865347
0.865347
-0.882258
-0.882258
-0.872172
-0.872172
-0.872172
-0.323242
-0.323242
-0.885312
-0.885312
-0.885312
-0.0782697
0.112654
0.112654
0.775117
-1.2072
-0.292285
1.57435
-0.0008336
1.07531
-0.509046
-0.509046
-0.449871
-0.449871
0.323983
1.19344
-0.0483502
-0.0483502
-0.0483502
1.00455
1.00455
1.00455
1.00455
1.00455
0.976139
0.976139
0.731029
0.731029
0.731029
0.731029
0.115077
-0.652422
-0.652422
-0.652422
-0.652422
0.906416
0.906416
0.906416
0.475251
0.475251
0.475251
0.475251
0.475251
0.475251
0.475251
0.391568
-0.271818
-0.271818
-0.271818
-0.271818
0.743385
0.743385
-0.317793
-0.347915
-0.347915
1.86512
1.86512
-0.29515
1.32768
1.32768
-0.860058
-1.5252
-0.81914
0.515198
0.515198
0.515198
0.620761
0.620761
0.620761
0.620761
-1.69508
-0.235194
0.590755
-1.4314
-0.164141
0.383939
1.15996
0.288535
0.288535
-1.306
-1.34372
0.912546
1.63476
-0.843382
-0.843382
-0.387781
0.906987
1.11572
1.11438
1.11438
1.37406
1.37406
-0.477772
-0.477772
-0.477772
-1.00628
-0.959246
-0.862834
-0.862834
-0.862834
-0.862834
-0.862834
-0.862834
0.97864
-0.854978
-1.54738
-1.54738
-0.408435
-0.408435
-0.226248
-1.94329
-1.11431
1.06356
-0.759797
0.9707
0.9707
0.9707
0.708359
0.708359
0.708359
0.708359
0.708359
0.933199
-0.467088
-0.384235
-0.384235
-0.384235
-1.06736
-1.06736
-1.14236
-0.501438
-0.501438
-0.501438
-0.501438
0.322182
-1.08334
-1.08334
0.39649
0.39649
1.04217
1.04217
0.255075
0.255075
1.40126
1.40126
0.359374
0.359374
-1.69798
-1.69798
-1.69798
-1.69798
0.737982
0.537684
1.5162
0.0866911
-0.748259
0.746468
0.746468
-0.316778
-0.316778
0.00640186
-0.154028
-0.154028
-0.154028
-1.39368
0.791805
0.791805
0.791805
0.506951
0.89711
0.89711
0.89711
0.89711
-0.063248
-0.624244
-0.605223
-0.605223
-0.712272
-1.25035
-1.25035
-1.25035
-1.25035
0.302764
0.352042
0.979527
-0.569206
0.961868
-0.193512
-0.316344
1.06166
-0.824567
1.00272
0.0138951
0.0138951
0.0138951
-1.24479
0.650017
0.650017
0.650017
-1.32853
-1.32853
-1.32853
-1.32853
0.927853
0.927853
0.927853
0.453462
0.127025
-0.734638
-0.734638
1.31228
-0.229198
-0.229198
0.125264
0.558876
-0.799318
0.973039
0.973039
-0.314261
0.45456
0.45456
-0.809366
-0.430495
-0.430495
-0.430495
-0.430495
0.631602
0.431172
-1.00147
-1.00147
0.692784
-0.928231
-0.928231
-0.928231
-0.928231
-0.928231
-0.928231
-1.42511
0.850514
0.42438
0.42438
0.446086
0.231899
-0.889719
1.55543
1.55543
0.706451
0.706451
-0.924343
-0.614742
-0.832093
-0.0585442
-0.0585442
0.420593
0.0112851
-1.29301
-0.687735
1.50465
0.309833
0.309833
-1.72616
-1.30662
-1.04078
-0.468043
-0.469356
-0.469356
-0.469356
-0.469356
0.732995
0.732995
0.732995
0.32877
0.32877
0.186563
1.16748
1.16748
1.16748
1.16748
0.0356429
0.0356429
0.0356429
-0.278346
-0.278346
0.608181
0.608181
-1.67841
-1.7689
-1.7689
-1.086
-1.086
-1.086
-1.086
-0.576764
-0.576764
-0.378655
-0.559198
-0.445429
-0.445429
-0.445429
-0.445429
0.726973
-1.19293
-1.19293
-0.492165
-1.24067
-0.323918
0.925176
-1.05147
0.520969
0.283361
-1.15007
-1.15007
-1.15007
-1.15007
-0.950991
-0.637361
-0.273367
-0.809767
-0.809767
0.140609
0.140609
-1.53905
0.132505
0.132505
-1.71819
-1.71819
-1.71819
-1.71819
-1.51102
-1.30682
-0.963556
-0.963556
-0.963556
-0.963556
0.556013
0.556013
0.556013
0.556013
1.39227
1.39227
-0.945861
-0.945861
-0.945861
0.462824
1.30875
1.30875
0.699683
-0.375099
0.723498
-0.148468
0.13067
0.13067
0.417615
-0.929394
0.0608364
0.0608364
0.0608364
0.0608364
-0.718805
-0.718805
-0.952498
1.21671
1.21671
1.21671
1.21671
1.21671
0.0492027
0.0492027
0.0492027
0.0492027
-0.519029
0.00791403
-0.671853
1.31603
1.25462
-0.300824
-0.300824
0.885493
-1.07374
-1.07374
0.464325
-1.10199
0.199221
0.199221
0.199221
-0.776582
-0.776582
-0.776582
-0.776582
-0.343549
1.27942
-0.564808
-0.564808
-0.564808
-0.564808
-0.564808
0.194733
0.308655
1.03728
1.03728
1.03728
-0.283784
-0.283784
0.771686
0.402511
-0.560607
-0.124177
-1.29713
-1.29713
-1.29713
-1.29713
-1.37347
0.536869
-0.571851
-0.571851
-0.571851
-0.571851
-0.571851
-0.571851
-0.571851
-0.698033
0.943663
-0.540873
-0.540873
-0.521937
-0.521937
-0.521937
-0.521937
-0.521937
-0.521937
-0.521937
0.390213
1.4195
-0.580926
0.428491
0.428491
1.18086
1.18086
-1.25124
-1.25124
-1.25124
-1.25124
-1.25124
0.499346
-0.176671
0.573691
1.40213
1.40213
1.40213
1.38312
1.38312
1.38312
-0.91488
-0.91488
-0.827121
-0.827121
-0.827121
-0.827121
-0.827121
-0.827121
-0.827121
-0.827121
-0.827121
-0.827121
1.31261
0.4119
-0.670358
-0.670358
-0.670358
-0.670358
-0.670358
-0.60668
-1.23981
-1.23981
0.325317
1.44014
0.11649
-0.429132
-0.429132
-0.600147
-0.600147
-0.600147
-0.600147
0.248205
-1.65771
-1.65771
-1.61096
-0.537692
-0.537692
-0.190253
0.798174
0.798174
0.804877
0.804877
0.804877
0.804877
1.27606
1.27606
-0.908239
-0.908239
0.23139
0.23139
-0.788812
-0.788812
-0.788812
0.29347
0.29347
1.29751
1.29751
0.893268
0.488156
0.488156
0.488156
1.02476
-0.620103
-0.266616
-2.19273
-1.76324
-1.645
-1.645
-1.645
-1.49994
-1.49994
0.645612
0.645612
0.645612
0.136128
-1.04866
0.142462
-0.966551
-0.966551
0.810392
-0.290833
-0.290833
-0.578499
-0.578499
-0.506398
-0.56252
1.01968
-0.491917
-0.811898
0.559082
0.559082
-1.29599
-0.629764
-0.629764
0.119771
0.119771
0.119771
0.119771
0.119771
0.119771
0.119771
0.119771
-1.12585
-0.0348068
-0.0348068
-0.0348068
0.155585
0.991619
0.377587
0.377587
0.377587
0.377587
0.399756
0.79226
0.79226
0.79226
0.79226
0.79226
0.43963
0.43963
-1.31645
-1.31645
-1.31645
-1.31645
-1.15538
-0.887128
-0.887128
-0.887128
-0.887128
0.160012
0.160012
0.160012
0.160012
0.160012
0.160012
0.160012
0.949997
0.155012
-1.8025
-1.67457
-1.67457
0.477374
-1.37443
-0.68887
-0.68887
-0.68887
-0.68887
-0.982854
-0.982854
-0.946231
-0.946231
-0.946231
0.941958
0.801613
0.801613
0.801613
0.801613
-1.38187
-1.5425
-1.5425
-1.5425
-1.5425
-1.5425
-1.5425
-1.67101
-1.67101
-1.67101
-0.595096
-1.03188
0.785351
0.785351
0.785351
0.000306436
-0.00493196
-0.390672
1.1964
1.46848
1.46848
0.218542
0.383738
0.383738
0.00240532
0.00240532
0.00240532
0.579685
-1.33825
-1.33825
-1.58814
0.596831
1.14379
0.372153
0.372153
0.811049
0.811049
-0.372305
-0.372305
-0.778643
0.598377
0.598377
-0.943813
-1.40328
-1.40328
-1.40328
-1.40328
-0.425331
-0.425331
-1.29123
-1.37981
0.443806
0.479996
0.479996
1.22151
1.09382
1.09382
1.09382
1.09382
1.10751
1.10751
1.78367
0.437165
0.437165
0.437165
0.437165
-0.365276
-0.365276
1.42734
1.42734
1.05518
0.362226
0.362226
0.236593
-1.1209
-1.1209
-1.1209
0.997779
-0.427036
-1.26209
-1.26209
-0.635326
-0.635326
-0.635326
-0.514198
-0.670229
0.589379
0.589379
0.589379
0.589379
0.589379
0.635529
0.635529
0.635529
0.521026
0.521026
0.521026
0.521026
0.97641
0.810627
0.810627
0.810627
0.478369
0.478369
0.478369
0.952278
0.952278
0.245897
0.201367
-1.48414
0.0963557
-0.0110261
1.69708
1.69708
-0.463936
1.13659
-0.0509736
-0.0509736
-1.07112
-1.07112
-0.260623
-0.260623
-0.260623
0.3172
0.444284
0.444284
0.444284
-0.298435
0.464552
0.00642935
0.00642935
0.00642935
0.00642935
0.00642935
0.00642935
-1.75238
-1.85476
-1.85476
0.613581
-0.90866
1.4304
1.4304
1.4304
1.4304
1.21319
1.21319
-0.726299
-0.726299
0.822539
-0.860885
0.286267
0.286267
0.286267
-0.20699
0.22579
0.200299
0.348295
1.06201
1.06201
1.06201
1.06201
1.06201
-0.500398
-0.500398
-1.22325
-1.22325
-1.22325
-1.22325
0.552346
0.552346
0.552346
0.0514947
-0.816321
-0.816321
-0.816321
0.681722
0.681722
-0.762792
-0.762792
-0.762792
-0.190939
-0.190939
-0.151125
1.28207
0.665452
0.665452
-0.748866
0.223987
-0.0459509
-0.0459509
1.27006
1.27006
-0.193467
-1.49275
-1.49275
0.624424
0.624424
0.624424
0.624424
0.624424
-1.1159
0.864186
0.864186
0.864186
0.747523
0.0652686
0.217561
-0.32474
-0.32474
-0.32474
-1.25164
-1.25164
0.754223
0.754223
0.754223
-0.569138
0.987884
-0.835413
-0.835413
-0.835413
-0.835413
-0.835413
-0.835413
1.64719
-0.257297
1.87649
1.87649
1.87649
1.87649
1.87649
1.87649
1.87649
1.87649
-0.303169
-0.303169
-0.303169
-0.303169
-0.303169
0.639141
0.639141
0.639141
0.639141
-0.404185
0.693116
1.1313
0.48896
0.563212
0.563212
1.43335
1.43335
-0.989955
-0.989955
-1.3114
-1.3114
0.70127
-0.945026
-0.945026
-0.945026
-0.351397
1.22169
-0.421239
-0.421239
-0.421239
-0.421239
-1.2936
-1.2936
-1.2936
-1.2936
-1.2936
0.92084
0.92084
-0.475079
-0.475079
-0.666818
-0.666818
0.83704
0.83704
-0.824616
0.55435
-0.852074
-0.852074
-0.524727
-0.392472
-0.392472
-1.20486
-1.20486
1.08886
0.39666
0.233331
0.468294
0.468294
-1.07395
-1.07395
-1.07395
0.870997
-0.741067
-0.741067
1.49658
1.49658
1.49658
1.49658
1.30501
1.30501
1.30501
1.30501
-0.423951
-1.20117
0.53105
-0.526696
0.576728
0.576728
-1.71534
-1.71534
-0.098025
-0.0187689
-0.464222
-0.464222
-0.464222
0.261513
0.261513
-1.09658
-0.0603849
-0.491733
0.211003
-0.784396
-0.784396
-0.784396
-0.0581727
-0.259797
0.907444
0.907444
0.590887
0.590887
0.590887
0.100858
0.100858
-0.815804
0.145625
-1.17846
-1.17846
0.545621
0.545621
-0.841712
-0.871774
-0.569184
-0.569184
-0.569184
0.595352
0.595352
0.888784
1.6279
-0.722963
-0.722963
-0.467074
0.691895
0.853226
0.853226
0.853226
0.853226
0.853226
0.853226
1.01665
1.30659
1.30659
-0.715983
1.2722
-0.529343
-1.39673
-1.39673
0.344176
0.811708
-1.36898
-1.36898
0.791728
-0.485051
0.94577
-1.07055
-0.0335086
-0.0335086
-0.0335086
-0.0335086
-1.06469
-0.665012
-0.246513
-0.246513
0.804718
0.804718
-0.539453
1.24965
1.07287
0.699363
-0.103865
-1.32725
-0.739186
-0.739186
-0.0253611
-0.0253611
-0.0253611
-0.0253611
-0.0253611
-0.0253611
0.178106
-0.654962
-0.761548
-0.761548
0.30461
0.30461
0.525991
0.525991
0.0263602
1.21541
1.21541
1.21541
0.894541
0.894541
1.12101
1.37759
-1.09075
-1.09075
-1.09075
1.32014
0.727804
-1.08277
-0.749454
1.09397
1.09397
-1.06852
-1.06852
-1.06852
0.373681
0.0363832
0.0363832
1.36438
0.354487
1.11191
0.898405
1.29594
0.282344
0.282344
0.282344
0.822637
0.822637
1.84515
1.84515
0.010935
0.010935
-1.84324
-1.48344
0.370042
1.19338
1.19338
0.279228
0.555767
0.785352
0.785352
0.785352
0.785352
0.785352
0.785352
1.23608
1.23608
0.668358
-0.820885
-0.820885
-0.0401817
-1.43691
0.310727
-1.55071
-1.55071
-1.55071
-1.05291
-1.01604
1.13399
0.598816
0.598816
-0.898086
-0.434615
0.686541
0.686541
0.686541
0.686541
0.686541
0.686541
0.24625
0.24625
-1.56453
-1.56453
-0.614926
-0.614926
0.0518255
-0.0179998
-0.0179998
0.112308
0.112308
-1.13373
-1.13373
-1.00654
-1.28526
-0.502412
-1.14006
-0.631617
-0.775978
-0.775978
-0.818331
-0.818331
-0.665573
1.20364
1.20364
-1.28178
-1.28178
0.52309
-0.0790463
-1.13165
0.183711
0.183711
-0.603728
-0.835616
-0.835616
0.172491
0.172491
1.26149
1.08209
0.830764
0.996426
0.89528
0.89528
0.89528
-0.899266
-0.899266
-0.899266
-0.899266
-0.899266
-1.51963
-1.17702
-1.17702
1.26418
-0.977951
0.941172
0.941172
-1.16765
1.28986
1.28986
-1.11329
-1.11329
0.342198
0.773874
0.739696
0.739696
0.743424
0.743424
1.1016
1.34576
0.809279
0.789292
-0.952841
-0.952841
0.650049
-0.50122
-0.50122
-0.50122
-0.50122
0.950136
0.950136
-0.411216
1.29028
0.214553
-0.313267
0.263508
0.263508
-1.11985
-1.11985
1.13158
-0.732107
-0.685361
0.824023
0.824023
0.824023
0.644117
0.644117
-0.471363
-0.471363
-0.471363
-0.471363
-0.0794063
-0.0794063
-0.0794063
0.53203
-0.826233
-0.622567
-0.622567
1.31454
-0.631576
-0.208513
-0.078866
-0.078866
0.600037
0.600037
-0.600753
-0.600753
-0.600753
-0.600753
-0.600753
-0.508246
-0.739492
-0.739492
-0.739492
-0.739492
-0.739492
-0.739492
-0.739492
-0.739492
-0.739492
-0.739492
-0.739492
0.153391
0.496568
-0.562451
-1.16427
-1.16427
0.232957
0.232957
0.232957
-1.33328
-1.7692
-0.586419
-0.586419
-0.290061
-0.290061
-0.309483
-0.0180881
-0.672644
-0.672644
-0.846721
-0.846721
-0.846721
-1.11381
-1.11381
1.18343
1.18343
1.18343
1.18343
0.206229
0.783467
0.783467
0.783467
0.783467
0.783467
0.783467
0.783467
0.176091
0.176091
0.176091
0.176091
-0.535117
-0.535117
-0.535117
-0.535117
-0.535117
1.27633
1.27633
-0.504425
-0.504425
-0.879006
-0.879006
-0.879006
-0.879006
1.24189
0.669451
0.669451
-0.638728
-0.638728
-0.638728
0.117885
-0.417198
0.680844
0.680844
0.680844
0.680844
0.550845
-0.849875
1.30203
1.30203
1.30203
-0.0120234
-0.0215627
0.961955
0.961955
-0.106223
-0.106223
-0.106223
-0.106223
0.744086
0.744086
0.744086
0.744086
0.744086
0.913243
0.913243
0.913243
0.951679
0.951679
-0.77889
-0.35947
-0.118984
-0.118984
0.944708
-0.439416
-0.439416
0.681117
1.31972
1.31972
-0.101079
-0.101079
-0.101079
-0.101079
-1.15836
-1.15836
-1.14828
-1.14828
0.128996
0.128996
0.128996
-1.24829
-1.24829
-1.38966
-1.38966
-0.703893
0.0808441
-0.336654
-0.336654
-0.336654
-0.275081
-0.432164
-1.56739
-1.56739
-1.56739
-1.56739
-1.56739
0.875832
0.875832
0.875832
1.11681
1.11681
1.11681
-1.08411
-1.08411
-1.08411
-1.08411
-1.08411
0.568475
-0.948821
0.895613
0.895613
1.22768
1.22768
1.22768
1.22768
1.63639
1.63639
1.63639
1.63639
1.45359
-0.32297
0.888536
0.888536
1.31912
1.31912
0.194459
-0.352431
-0.352431
-0.352431
-0.352431
-0.352431
-0.0139114
-0.0139114
-0.0139114
-0.70119
-0.70119
0.87461
0.87461
0.977205
-0.333638
-0.333638
-0.333638
-0.333638
-0.333638
-0.81706
-0.81706
-0.696202
1.17459
0.307731
0.307731
-1.02317
-1.02317
-1.02317
0.806306
0.806306
0.806306
0.77038
-0.225404
-1.04109
-1.04109
-1.17614
0.333709
-0.0304598
-0.050906
0.387728
-0.111773
-0.111773
-0.111773
-0.111773
1.25692
1.25692
-0.974211
-0.974211
0.954981
1.45451
1.15596
1.15596
0.949593
-0.571302
-0.571302
-0.820241
-1.2552
-0.650587
-0.650587
-0.650587
-0.650587
0.968318
1.10481
1.10481
0.0972683
0.0972683
-1.03207
0.724736
0.228066
1.39896
0.686946
-0.797942
-0.797942
-0.797942
-0.797942
-0.797942
0.427538
0.427538
-1.28374
-0.487805
-0.487805
-0.586819
1.12957
1.12957
-1.29701
-1.29701
0.662843
0.662843
0.20768
-0.968387
-0.278126
0.530861
0.530861
0.530861
0.445684
0.445684
-0.175661
1.10213
-0.798508
-1.02271
-1.02271
0.20427
-0.830513
-0.830513
-1.28493
0.811622
0.811622
-0.368414
-0.368414
-0.761438
-0.761438
-0.195856
-0.195856
-0.542452
-0.542452
-0.542452
0.49141
-0.288123
0.952002
0.952002
-0.603659
-0.597846
0.624033
-1.10963
-1.23292
-0.0630529
-0.0630529
-0.0630529
-0.0630529
-0.0630529
-0.0630529
-0.0630529
0.94921
0.94921
0.94921
-1.3723
-0.188783
-0.188783
-0.186335
-0.186335
-0.186335
0.533408
1.27156
1.09555
1.09555
1.09555
1.09555
-0.366067
-0.366067
-0.292679
-0.52599
-0.52599
-0.52599
-0.0463057
-0.0463057
-1.25121
-1.25121
1.23891
1.23891
1.23891
1.8573
1.8573
1.8573
1.11644
0.110996
-0.465093
-0.834131
-0.834131
-0.161424
-1.43829
0.485475
0.907492
-0.768062
-0.768062
-0.674176
-0.674176
-0.674176
0.205037
0.205037
-0.352248
-0.700904
-0.652179
-0.652179
-1.39082
-1.39082
-1.39082
-1.39082
-0.505749
-0.505749
-0.505749
0.917759
0.917759
0.917759
0.917759
-0.245403
-0.498419
-0.498419
0.400073
0.827473
-1.42124
-1.42124
-0.87965
-0.904633
-0.904633
-0.904633
-0.904633
0.0913582
0.484297
0.484297
0.484297
