0 0.320086 0.00366441
1 -1.674 0.737614
2 0.700372 0.76759
3 0.602203 0.7774
4 -0.242725 0.872304
5 -0.592803 1.02172
6 -0.0703768 0.87449
7 -0.700317 0.669127
8 0.12538 0.901698
9 0.0301973 0.617784
10 1.97199 1.10176
11 1.98403 0.885795
12 0.545988 0.816954
13 0.523363 0.893487
14 0.419509 0.841756
15 0.0690964 0.938141
16 1.34328 0.706757
17 0.182437 0.654256
18 -0.365639 0.842189
19 -1.10361 0.874202
20 0.0776858 0.612847
21 0.65954 0.780569
22 0.967421 0.96644
23 0.407866 0.680601
24 0.527076 0.783318
25 -0.6864 0.852097
26 0.962732 0.778639
27 -0.711801 0.955338
28 0.404985 0.741114
29 0.18839 0.673091
30 -1.01185 0.936248
31 0.811272 0.888586
32 1.18468 0.672979
33 0.591324 1.08446
34 0.139358 0.526646
35 -1.07077 0.678164
36 -0.522121 0.957656
37 -0.494358 0.879426
38 1.03179 0.697319
39 0.112301 0.833398
40 -0.486306 0.639235
41 -1.28958 0.818511
42 1.00847 0.739521
43 0.262627 0.758293
44 -0.248762 0.758992
45 -0.35086 0.568566
46 -0.167638 0.829451
47 1.97929 0.626676
48 -0.9416 0.708176
49 0.424333 0.839068
50 0.474865 0.827772
51 0.0892962 0.818448
52 -1.0427 0.838512
53 0.2138 0.689288
54 -0.727719 0.846496
55 2.08379 0.914592
56 -2.15477 0.879888
57 0.151603 0.741024
58 0.838937 0.687166
59 -0.647295 0.653489
60 -0.195531 0.992098
61 0.780946 0.709372
62 0.513168 0.770561
63 -0.22912 0.770184
64 -0.560466 0.752561
65 0.551469 0.993398
66 0.217778 0.993274
67 -0.696994 0.883777
68 0.438001 0.771258
69 -0.725435 0.740201
70 0.791171 0.854396
71 -0.129375 0.814463
72 1.06362 0.958558
73 -0.454127 0.829542
74 1.33206 0.934414
75 -0.0593018 0.794195
76 0.807593 0.891958
77 0.0861939 0.806108
78 -0.0212892 0.631028
79 0.63353 0.835782
80 3.07974 0.70922
81 -0.531482 0.544942
82 0.818485 0.71329
83 0.0657037 0.681554
84 0.377906 0.757964
85 0.0505478 0.996696
86 1.3115 0.694748
87 1.01261 0.866881
88 0.59845 1.08573
89 0.580869 0.741398
90 -0.482388 0.752694
91 0.434783 0.785474
92 1.09681 0.577163
93 -0.601531 0.633657
94 -0.0248138 0.61398
95 1.12881 0.798383
96 0.568344 0.905074
97 0.218148 0.538148
98 -0.484849 0.680096
99 -0.512661 0.851074
100 0.871404 0.891578
101 -1.22018 0.704626
102 0.498829 0.688808
103 0.479203 0.510823
104 -0.148276 0.926328
105 0.572438 0.704377
106 0.800999 0.739059
107 0.680553 0.777889
108 0.381397 0.895607
109 0.953231 0.950934
110 0.189064 0.823477
111 1.24672 0.657925
112 -1.15906 0.680064
113 1.1725 0.896283
114 0.441368 0.906138
115 -0.190237 0.874481
116 1.23458 0.883407
117 0.363345 0.89394
118 -1.19244 0.87745
119 0.880725 0.586797
120 1.3675 0.74553
121 -0.241486 0.650701
122 0.44051 0.629783
123 -0.558248 0.636642
124 -0.109881 0.544102
125 -0.916707 0.88606
126 0.336194 0.714569
127 -0.0408245 0.785483
128 -0.206389 0.833599
129 -0.274924 0.838137
130 -0.0212949 0.70576
131 -0.33247 1.00365
132 0.641268 0.883268
133 -0.6431 0.898967
134 0.343474 0.845013
135 -1.13078 0.698867
136 1.0236 0.743644
137 -0.887378 0.758318
138 1.39036 0.716221
139 0.514459 0.683442
140 -0.763128 0.657237
141 0.579154 0.488543
142 0.209774 0.83218
143 0.879336 0.560372
144 0.169544 0.833149
145 -0.652188 0.798497
146 -0.243227 0.715987
147 0.0224333 0.945615
148 0.776156 0.738583
149 0.255746 0.732684
150 0.923531 0.807018
151 0.88226 0.819353
152 -0.143627 0.670705
153 1.30246 0.886229
154 1.26401 0.699253
155 0.280242 0.731167
156 -0.744282 0.851375
157 0.956678 0.695252
158 -0.163937 0.840079
159 1.24991 0.829806
160 0.87659 0.900161
161 1.16405 0.671491
162 0.330499 0.701911
163 -0.540664 0.851278
164 -0.955945 0.872551
165 -0.340576 0.797399
166 -1.33273 0.622639
167 -0.550338 0.792145
168 -0.469544 0.577007
169 0.154638 0.713433
170 -0.15203 0.847679
171 0.968431 0.772446
172 -0.0804626 0.771389
173 0.240008 0.833455
174 0.956444 0.72094
175 -0.976009 0.834768
176 1.45484 0.629783
177 0.498831 0.742087
178 0.389652 0.578595
179 -0.00241485 0.596009
180 -0.125029 0.847437
181 1.20689 0.767467
182 0.0131906 0.809376
183 -0.875671 0.855373
184 -2.51243 0.784384
185 0.276078 0.793343
186 -0.0486031 0.518039
187 -0.371977 0.592603
188 0.482422 0.907723
189 0.68466 0.819861
190 0.0278633 0.704179
191 -0.124818 0.672186
192 -0.173665 0.686653
193 0.755564 0.711593
194 0.829353 0.73066
195 1.95052 0.848949
196 0.0775053 0.68712
197 0.49074 0.860577
198 0.882145 0.642498
199 -0.448307 0.810272
200 -0.855871 0.590065
201 0.0574145 0.767023
202 -0.479678 0.72719
203 0.885709 0.586775
204 -1.1025 0.606311
205 0.339505 0.798904
206 1.24885 0.693797
207 -0.874466 0.759219
208 0.236994 0.691148
209 0.327987 0.765083
210 0.953609 0.797427
211 0.643147 0.83055
212 -0.371205 0.83135
213 -1.33156 0.790973
214 -1.03946 0.967009
215 1.49074 0.798301
216 -0.65445 0.605113
217 -1.4802 0.83333
218 2.32976 0.63452
219 0.63438 0.897142
220 0.130445 0.783545
221 1.7043 0.733806
222 0.326321 1.01508
223 0.485239 0.724214
224 -0.75809 1.03141
225 1.99647 0.9132
226 -0.269516 0.574336
227 -1.25188 0.886802
228 -0.22026 1.06866
229 0.225226 1.12321
230 1.12261 0.883299
231 0.71482 0.941288
232 0.329792 0.698985
233 -0.135471 0.823263
234 -0.323745 1.04127
235 0.733156 0.8217
236 2.4118 1.04748
237 -0.887028 0.928132
238 1.40551 0.812159
239 -0.908293 0.823382
240 -0.0498542 0.89089
241 0.727467 0.873423
242 0.447342 0.772489
243 0.266667 0.84245
244 -0.7211 0.968416
245 -0.410581 0.918693
246 -0.085231 0.857409
247 0.853521 0.809268
248 0.0148639 0.809713
249 -0.0914432 0.869896
250 1.33364 0.683104
251 0.29596 0.663196
252 -0.0877793 0.601169
253 2.448 0.728651
254 -0.345591 0.913479
255 -0.118206 0.723987
256 -0.512094 0.706877
257 0.365172 0.743551
258 -0.345632 0.543275
259 -0.175696 0.616031
260 -0.122786 0.762443
261 0.494373 0.865409
262 0.503478 0.811504
263 -0.720506 0.843834
264 2.27241 0.945011
265 -0.882614 0.719414
266 0.735698 0.791372
267 1.23651 0.993745
268 1.71195 0.714071
269 -1.0021 0.779393
270 0.952026 0.701095
271 -0.30496 0.768036
272 1.82876 0.942187
273 0.212313 0.84389
274 0.767254 0.916744
275 -1.13555 0.802732
276 -1.52441 0.580045
277 -0.711701 0.667521
278 0.456234 0.621445
279 1.01427 1.0967
280 0.252578 0.889879
281 0.143978 0.750432
282 -0.680115 0.731378
283 -0.226477 0.474462
284 1.40863 0.726268
285 -0.0993712 0.700929
286 -0.342947 1.07494
287 0.372497 1.00668
288 1.20483 0.815064
289 0.893971 0.85093
290 -0.862053 0.724144
291 1.05951 0.912248
292 0.627184 0.95879
293 -0.580682 0.749855
294 -1.31012 0.76973
295 -0.356047 0.673477
296 1.27141 0.680717
297 0.475222 0.742236
298 0.512645 1.04999
299 0.325195 0.00337675
