0 0.321538 0.0047445
1 -0.010523 0.161608
2 0.0469773 0.206748
3 0.243898 0.163444
4 0.412807 0.150164
5 0.420168 0.199618
6 0.346101 0.163383
7 0.365662 0.126967
8 0.198017 0.18759
9 0.402713 0.10769
10 0.656629 0.190568
11 0.226547 0.129911
12 0.514293 0.1426
13 0.252673 0.171545
14 0.22863 0.166311
15 0.467275 0.153807
16 0.419378 0.114981
17 0.470905 0.123003
18 0.144347 0.12395
19 0.336958 0.110624
20 0.278258 0.123097
21 0.507644 0.126939
22 0.353947 0.130742
23 0.505344 0.130341
24 0.328472 0.147745
25 0.357907 0.14118
26 0.618722 0.148124
27 0.369666 0.155001
28 0.398329 0.130407
29 0.284472 0.137015
30 0.0972095 0.131279
31 0.534141 0.11084
32 0.388376 0.128106
33 0.286464 0.150592
34 0.102359 0.151266
35 0.17999 0.117718
36 0.233467 0.162811
37 0.302625 0.146329
38 0.38702 0.133962
39 0.382523 0.104995
40 0.275952 0.133356
41 0.0615812 0.151166
42 0.385289 0.125197
43 0.248335 0.14035
44 0.200565 0.113751
45 0.349306 0.122968
46 0.284149 0.153249
47 0.465635 0.160047
48 0.0810947 0.124706
49 0.297433 0.125043
50 0.517283 0.096015
51 0.38931 0.0871187
52 0.258293 0.101022
53 0.326573 0.111409
54 0.185894 0.0914125
55 0.457846 0.105992
56 -0.100114 0.150967
57 0.423567 0.109473
58 0.474584 0.108718
59 0.236039 0.1342
60 0.267884 0.126923
61 0.157717 0.169011
62 0.38934 0.151961
63 0.292379 0.160773
64 0.191868 0.198198
65 0.163927 0.143752
66 0.245718 0.116788
67 0.302741 0.148464
68 0.487049 0.127225
69 0.532907 0.137741
70 0.220296 0.148889
71 0.405628 0.158711
72 0.497531 0.124464
73 0.488137 0.160832
74 0.33486 0.159544
75 0.106024 0.146152
76 0.228536 0.113515
77 0.0284717 0.13308
78 0.258067 0.122975
79 0.535674 0.138192
80 0.426047 0.169259
81 0.262421 0.0930392
82 0.327868 0.121925
83 0.36116 0.150817
84 0.282071 0.109421
85 0.287537 0.126858
86 0.451676 0.109463
87 0.0819749 0.175549
88 0.408902 0.132098
89 0.533262 0.12919
90 0.170353 0.0982424
91 0.23695 0.143692
92 0.484219 0.133076
93 0.238915 0.136131
94 0.16493 0.13951
95 0.0304929 0.0893587
96 0.383476 0.100483
97 0.400734 0.126483
98 0.565424 0.104266
99 0.0701742 0.150588
100 0.331014 0.103064
101 0.261854 0.122866
102 0.702656 0.137756
103 0.396054 0.0985358
104 0.324734 0.129191
105 0.412523 0.12446
106 0.332655 0.103967
107 0.394364 0.12067
108 0.342794 0.110468
109 0.389587 0.104575
110 0.169478 0.112904
111 0.372901 0.0936721
112 0.113452 0.0945712
113 0.445144 0.0746498
114 0.300423 0.140282
115 0.0485952 0.10174
116 0.400276 0.0952271
117 0.237152 0.135436
118 0.294963 0.129832
119 0.364557 0.126638
120 0.545303 0.148857
121 0.147917 0.153655
122 0.32259 0.113726
123 0.399484 0.0837503
124 0.396543 0.124538
125 0.274276 0.108275
126 0.152059 0.0887358
127 0.0631396 0.118228
128 0.328162 0.121991
129 0.308727 0.0952178
130 0.218623 0.157917
131 0.204055 0.135429
132 0.454167 0.0992793
133 0.336489 0.12247
134 0.438836 0.0961752
135 0.391965 0.103668
136 0.181336 0.121615
137 0.234158 0.0947889
138 0.509929 0.09747
139 0.392219 0.115725
140 0.309411 0.112962
141 0.502238 0.0846386
142 0.529266 0.0912761
143 0.530025 0.116039
144 0.308166 0.133419
145 0.185596 0.107175
146 0.428454 0.122363
147 0.31123 0.108718
148 0.353241 0.0888554
149 0.419152 0.10037
150 0.275428 0.129166
151 0.43307 0.112367
152 0.021682 0.108207
153 0.397771 0.130554
154 0.230943 0.107718
155 0.373031 0.100122
156 0.227143 0.127662
157 0.325007 0.11083
158 0.390252 0.108615
159 0.202173 0.106589
160 0.203408 0.12435
161 0.305268 0.108984
162 0.312983 0.109307
163 0.364678 0.129197
164 0.245738 0.109817
165 0.162969 0.11026
166 0.13723 0.104421
167 0.106316 0.102948
168 0.166024 0.119894
169 0.44122 0.138942
170 0.43042 0.112871
171 0.270952 0.10625
172 0.417111 0.126874
173 0.348485 0.0938433
174 0.268651 0.127388
175 0.239944 0.127388
176 0.31776 0.109619
177 0.440104 0.0943338
178 0.175401 0.108574
179 0.463325 0.0896533
180 0.261858 0.119201
181 0.416773 0.142601
182 0.495269 0.108953
183 0.238359 0.0902106
184 0.03545 0.104249
185 0.406314 0.146297
186 0.208221 0.132511
187 0.225329 0.101961
188 0.398872 0.131662
189 0.347429 0.136947
190 0.275207 0.094121
191 0.27642 0.115687
192 0.101376 0.129866
193 0.291851 0.131819
194 0.435752 0.121508
195 0.250154 0.0863906
196 0.192914 0.118834
197 0.2894 0.125451
198 0.47543 0.0897614
199 0.389746 0.0958663
200 0.434263 0.103207
201 0.252313 0.131547
202 0.190772 0.133091
203 0.418484 0.11458
204 0.113651 0.101747
205 0.480745 0.126568
206 0.269389 0.109749
207 0.123255 0.136108
208 0.382366 0.131272
209 0.407927 0.118963
210 0.153498 0.166214
211 0.365853 0.102779
212 0.13233 0.147685
213 0.317813 0.155436
214 0.283756 0.134561
215 0.400693 0.107049
216 0.154768 0.132236
217 0.0909219 0.142592
218 0.513263 0.12404
219 0.402102 0.116495
220 0.262502 0.154819
221 0.30936 0.163875
222 0.290954 0.186671
223 0.584185 0.132469
224 0.181832 0.141688
225 0.447636 0.185294
226 0.340765 0.0854408
227 0.0154369 0.142352
228 0.382113 0.172116
229 0.287511 0.172075
230 0.264338 0.12791
231 0.457403 0.140357
232 0.102359 0.127769
233 0.246755 0.188281
234 0.263385 0.13357
235 0.526283 0.184446
236 0.35983 0.160399
237 0.204336 0.133658
238 0.353581 0.073151
239 0.195169 0.131173
240 0.21002 0.125499
241 0.638495 0.116993
242 0.251409 0.107933
243 0.455288 0.117824
244 0.286286 0.0975292
245 0.178763 0.131144
246 0.1617 0.140562
247 0.243644 0.175124
248 0.374894 0.100234
249 0.502797 0.129637
250 0.363045 0.0955884
251 0.473731 0.0794044
252 0.4039 0.129438
253 0.454301 0.133822
254 0.13134 0.117612
255 0.291482 0.127581
256 0.297237 0.0936807
257 0.363451 0.127969
258 0.21407 0.0973819
259 0.278075 0.122638
260 0.22501 0.160851
261 0.412533 0.136057
262 0.342875 0.156187
263 0.373265 0.122659
264 0.479221 0.133901
265 0.230523 0.147937
266 0.266076 0.163048
267 0.34049 0.104944
268 0.706469 0.110577
269 0.334365 0.152917
270 0.45766 0.146949
271 0.328269 0.122499
272 0.560165 0.111486
273 0.328115 0.151786
274 0.443161 0.104117
275 0.189376 0.164717
276 0.130562 0.148002
277 0.191271 0.118473
278 0.246244 0.120878
279 0.224035 0.182009
280 0.452509 0.162731
281 0.311997 0.195818
282 0.408137 0.120065
283 0.18924 0.117578
284 0.440196 0.153864
285 0.186303 0.12494
286 0.232401 0.192103
287 0.288108 0.117412
288 0.472036 0.133906
289 0.509462 0.103747
290 0.0124746 0.122089
291 0.214346 0.199753
292 0.275953 0.167344
293 0.31405 0.122362
294 0.175791 0.145597
295 0.266842 0.167932
296 0.533941 0.121008
297 0.221422 0.151348
298 0.0829525 0.168285
299 0.324929 0.00432658
