1.65144
1.65858
1.6696
1.68148
1.691
1.69551
1.69325
1.68358
1.66702
1.64528
1.62136
1.59936
1.58377
1.57828
1.58434
1.60048
1.62297
1.64727
1.66927
1.68574
1.69425
1.69304
1.68103
1.65807
1.6254
1.58614
1.54495
1.50688
1.4758
1.45364
1.44073
1.43685
1.4419
1.45572
1.47745
1.50514
1.53625
1.56863
1.60129
1.63423
1.66736
1.69931
1.72748
1.74932
1.76334
1.76944
1.76839
1.76143
1.74987
1.7349
1.71767
1.69926
1.68065
1.66262
1.64567
1.63011
1.61617
1.60398
1.59348
1.58455
1.57722
1.57202
1.57021
1.57344
1.58268
1.5971
1.61389
1.62939
1.6408
1.64721
1.64938
1.6486
1.64524
1.6381
1.62509
1.60466
1.5773
1.54614
1.51628
1.49284
1.47907
1.47585
1.48251
1.49649
1.51289
1.5262
1.53317
1.53397
1.53141
1.52905
1.52959
1.53377
1.54056
1.54793
1.55391
1.55725
1.55797
1.55759
1.55885
1.56447
1.57567
1.59135
1.60886
1.62566
1.64037
1.65284
1.66346
1.67232
1.67877
1.68146
1.67899
1.67066
1.65716
1.64068
1.62421
1.61022
1.59973
1.59216
1.58622
1.58091
1.57625
1.57303
1.57231
1.57444
1.5787
1.58328
1.58593
1.58493
1.57967
1.57055
1.55846
1.5443
1.52913
1.51457
1.50286
1.49645
1.49712
1.50537
1.52031
1.54
1.56194
1.58348
1.60209
1.61553
1.62242
1.62259
1.61716
1.60817
1.59786
1.5882
1.58069
1.57627
1.57529
1.57747
1.58198
1.58781
1.59416
1.60052
1.60649
1.61153
1.61484
1.6156
1.6135
1.60916
1.60413
1.60041
1.59955
1.60206
1.60747
1.61475
1.62266
1.62972
1.63418
1.63448
1.62974
1.6201
1.60657
1.59062
1.5739
1.5583
1.546
1.53922
1.53945
1.54636
1.55765
1.57005
1.58078
1.58848
1.5929
1.59422
1.59259
1.5882
1.58163
1.57405
1.56748
1.56437
1.56663
1.57425
1.58506
1.59604
1.60481
1.61052
1.61384
1.61665
1.62119
1.62903
1.64034
1.65361
1.66609
1.67466
1.67671
1.67072
1.6566
1.63574
1.61103
1.58677
1.56777
1.55733
1.55528
1.55781
1.55999
1.55831
1.55187
1.54201
1.5314
1.52295
1.519
1.52085
1.52872
1.54183
1.55859
1.5768
1.59403
1.60829
1.61868
1.62586
1.63203
1.63984
1.65066
1.66324
1.67423
1.67996
1.67806
1.66796
1.65025
1.62593
1.59589
1.56133
1.52458
1.48977
1.46253
1.44798
1.44799
1.46012
1.47914
1.49941
1.51661
1.52826
1.53359
1.5332
1.52854
1.52148
1.51392
1.50748
1.50325
1.50173
1.50264
1.50509
1.50822
1.51167
1.51553
1.51969
1.52323
1.52453
1.5221
1.51525
1.50441
1.49077
1.47589
1.46141
1.44902
1.44059
1.43782
1.44189
1.45301
1.4705
1.49336
1.52095
1.55277
1.58726
1.62099
1.64973
1.6706
1.68331
1.68976
1.69263
1.69398
1.69462
1.69437
1.6926
1.68887
1.68292
1.67443
1.66291
1.64809
1.63039
1.61121
1.59247
1.57584
1.56207
1.55103
1.54227
1.53573
1.53205
1.53226
1.53709
1.54636
1.55885
1.57282
1.58666
1.59934
1.61047
1.62017
1.62868
1.63601
1.64167
1.64462
1.64336
1.63631
1.62223
1.60076
1.5731
1.54265
1.51493
1.49589
1.48917
1.4944
1.50768
1.5236
1.53701
1.5444
1.54436
1.53752
1.5256
1.51047
1.49348
1.47578
1.45924
1.44694
1.44284
1.45
1.46826
1.49313
1.51812
1.53892
1.55546
1.5709
1.58921
1.61343
1.64462
1.68153
1.72089
1.75855
1.79054
1.81372
1.82584
1.82548
1.81214
1.78652
1.75092
1.70955
1.66836
1.63412
1.61269
1.60718
1.61689
1.63762
1.66317
1.68728
1.70507
1.71403
1.71462
1.71046
1.70738
1.71083
1.72287
1.74128
1.76113
1.77728
1.78602
1.78547
1.77521
1.75573
1.72813
1.69419
1.65648
1.61864
1.58523
1.56103
1.5499
1.55334
1.57006
1.59624
1.62684
1.65683
1.68223
1.7004
1.7102
1.71178
1.70617
1.69491
1.67949
1.66095
1.63979
1.61618
1.59046
1.56358
1.53738
1.51458
1.49822
1.49102
1.49468
1.50955
1.53452
1.56728
1.60463
1.64281
1.67765
1.7049
1.72085
1.72323
1.71219
1.69124
1.66692
1.64634
1.63347
1.62764
1.62517
1.62203
1.61542
1.60405
1.58816
1.56935
1.55028
1.53462
1.52655
1.52935
1.54334
1.56498
1.58889
1.61058
1.62776
1.64005
1.64814
1.65327
1.65689
1.66059
1.66572
1.67299
1.68222
1.69248
1.70252
1.71119
1.71752
1.72064
1.7196
1.71314
1.69977
1.6782
1.64822
1.61174
1.57351
1.54023
1.51782
1.50833
1.50955
1.51766
1.53018
1.54693
1.56891
1.59656
1.62862
1.66221
1.69358
1.71901
1.73529
1.74004
1.73196
1.71119
1.67957
1.64063
1.59907
1.5598
1.52701
1.50363
1.49133
1.49072
1.50136
1.52181
1.54995
1.58336
1.61937
1.655
1.68715
1.71312
1.73152
1.74279
1.74897
1.75251
1.7549
1.756
1.75434
1.74813
1.73619
1.71831
1.69506
1.66738
1.63615
1.60259
1.56924
1.5409
1.52387
1.52264
1.53674
1.56087
1.58794
1.61186
1.6283
1.63463
1.62981
1.61479
1.5926
1.56776
1.54508
1.52818
1.5186
1.51577
1.51789
1.52317
1.53084
1.5412
1.55482
1.57167
1.59068
1.61013
1.62825
1.64366
1.65525
1.66193
1.66265
1.65658
1.6434
1.6236
1.59853
1.57037
1.54181
1.51562
1.49419
1.47917
1.47151
1.47138
1.47824
1.49083
1.50714
1.52478
1.54141
1.55518
1.56484
1.56987
1.57032
1.56675
1.56009
1.55171
1.54332
1.53689
1.53426
1.53649
1.54346
1.55386
1.56587
1.57838
1.59193
1.60831
1.62876
1.65222
1.67547
1.69457
1.70638
1.70918
1.7025
1.68677
1.66291
1.63216
1.59662
1.55971
1.52627
1.50142
1.48894
1.48994
1.50271
1.52353
1.54791
1.57169
1.59158
1.60545
1.61254
1.61342
1.60978
1.60376
1.59682
1.58867
1.57719
1.56002
1.53667
1.50989
1.48526
1.4692
1.46627
1.47734
1.49949
1.52741
1.5552
1.57813
1.5936
1.60118
1.60187
1.5972
1.58886
1.57868
1.5688
1.56168
1.55945
1.5632
1.57226
1.58425
1.59595
1.60422
1.60694
1.60313
1.59295
1.57741
1.55841
1.53871
1.52148
1.50901
1.50129
1.49621
1.4916
1.48755
1.48635
1.49035
1.49986
1.51336
1.52946
1.54817
1.5706
1.59744
1.62762
1.65804
1.68464
1.70368
1.71267
1.71082
1.69908
1.6798
1.65606
1.63075
1.60596
1.58282
1.56194
1.54414
1.53087
1.52372
1.52359
1.52983
1.54022
1.55184
1.56202
1.56916
1.57279
1.57314
1.57049
1.56502
1.55712
1.54805
1.53999
1.53551
1.5366
1.54382
1.55597
1.57057
1.58462
1.59542
1.60106
1.60067
1.5944
1.58331
1.56925
1.55458
1.54171
1.53249
1.52753
1.52623
1.52711
1.52862
1.52967
1.52974
1.52867
1.52598
1.52077
1.51217
1.50041
1.48748
1.47681
1.47215
1.47604
1.48868
1.50789
1.53023
1.55251
1.57257
1.58941
1.6032
1.61488
1.6252
1.63379
1.63888
1.63828
1.63063
1.61625
1.59712
1.57595
1.55539
1.53727
1.5225
1.51137
1.50364
1.49875
1.49574
1.49361
1.49184
1.49117
1.49369
1.50226
1.51917
1.54489
1.57745
1.61319
1.64805
1.67884
1.70378
1.72202
1.73302
1.73595
1.72964
1.71283
1.68475
1.64643
1.60248
1.56174
1.534
1.52421
1.53086
1.54989
1.57683
1.60626
1.63245
1.65121
1.66081
1.66163
1.65544
1.64486
1.6326
1.62078
1.61044
1.60169
1.59415
1.58734
1.58093
1.57484
1.56942
1.56528
1.56285
1.56193
1.56133
1.55924
1.55425
1.54623
1.53665
1.52795
1.52235
1.5208
1.52278
1.52699
1.53251
1.53974
1.55061
1.56714
1.58943
1.61512
1.64077
1.66325
1.6801
1.68929
1.68939
1.67998
1.66197
1.63747
1.60951
1.58187
1.55871
1.54384
1.5395
1.54535
1.55859
1.57504
1.59047
1.60141
1.60552
1.60166
1.59037
1.57466
1.5599
1.55116
1.55007
1.5544
1.56102
1.56819
1.57553
1.58279
1.58925
1.59403
1.59681
1.5982
1.59922
1.60024
1.60052
1.59886
1.59469
1.58848
1.58122
1.57365
1.56604
1.55863
1.55213
1.54745
1.54466
1.5423
1.53806
1.53031
1.51925
1.50686
1.4962
1.49019
1.4901
1.49461
1.50065
1.50554
1.5083
1.50925
1.50942
1.51098
1.51764
1.53331
1.55958
1.59404
1.63133
1.66571
1.69323
1.71224
1.72255
1.72448
1.7183
1.70434
1.68351
1.65793
1.63095
1.60628
1.58654
1.57261
1.56369
1.55797
1.55328
1.54779
1.54043
1.5313
1.52166
1.51327
1.5075
1.5046
1.50373
1.50374
1.50405
1.50495
1.50721
1.51131
1.51695
1.52331
1.53002
1.53833
1.55106
1.57099
1.59888
1.63272
1.66885
1.70356
1.73421
1.75919
1.77757
1.78856
1.79115
1.78434
1.76775
1.74238
1.71074
1.67569
1.639
1.6011
1.56232
1.52514
1.49547
1.48081
1.48489
1.50457
1.53264
1.56219
1.58825
1.60737
1.61716
1.61636
1.60551
1.58753
1.56759
1.55079
1.53933
1.53175
1.52551
1.51949
1.51438
1.51187
1.51389
1.52216
1.53729
1.55823
1.58183
1.60379
1.62047
1.63018
1.63331
1.63157
1.62718
1.62212
1.61777
1.61472
1.61278
1.61119
1.60887
1.60458
1.59731
1.58651
1.57247
1.55655
1.5411
1.52899
1.52309
1.52564
1.53792
1.55984
1.58973
1.62448
1.65985
1.69124
1.71482
1.72852
1.73282
1.7302
1.72349
1.71421
1.70229
1.68721
1.66923
1.65007
1.63264
1.62022
1.61515
1.61779
1.62628
1.63741
1.64787
1.65533
1.65868
1.65794
1.65396
1.64823
1.64272
1.63947
1.64017
1.64569
1.65579
1.66888
