-5.09286
-5.09985
-5.11162
-5.12335
-5.13258
-5.13678
-5.13467
-5.12591
-5.11041
-5.08897
-5.06536
-5.0426
-5.02685
-5.02136
-5.02727
-5.04341
-5.0659
-5.08991
-5.11251
-5.12914
-5.13779
-5.13613
-5.12382
-5.10207
-5.06909
-5.02938
-4.98743
-4.94785
-4.91632
-4.89401
-4.8814
-4.87782
-4.88227
-4.89684
-4.91857
-4.94702
-4.97888
-5.01187
-5.04407
-5.07701
-5.11059
-5.1421
-5.17027
-5.19135
-5.20598
-5.21163
-5.21102
-5.20406
-5.19311
-5.17799
-5.16061
-5.14294
-5.12297
-5.10404
-5.08633
-5.07062
-5.05653
-5.04464
-5.03429
-5.02507
-5.01743
-5.01193
-5.01117
-5.01455
-5.02409
-5.03867
-5.05607
-5.07036
-5.08162
-5.08863
-5.0908
-5.08956
-5.08711
-5.07937
-5.06576
-5.04547
-5.01811
-4.98741
-4.95724
-4.93365
-4.91957
-4.91681
-4.92302
-4.93701
-4.95386
-4.96717
-4.9752
-4.9763
-4.97434
-4.97364
-4.97403
-4.97715
-4.98439
-4.99177
-4.99669
-5.00033
-5.0012
-5.00082
-5.00208
-5.0074
-5.01784
-5.03382
-5.05163
-5.06768
-5.0827
-5.09486
-5.10563
-5.11495
-5.1217
-5.12439
-5.12177
-5.1139
-5.09994
-5.08406
-5.06834
-5.0536
-5.0428
-5.03554
-5.02899
-5.02354
-5.01917
-5.01595
-5.01553
-5.01767
-5.02087
-5.0262
-5.0284
-5.02726
-5.02169
-5.01211
-5.00002
-4.98587
-4.97085
-4.95492
-4.94427
-4.9374
-4.93958
-4.94784
-4.96293
-4.98277
-5.00441
-5.02596
-5.04517
-5.05951
-5.0658
-5.06627
-5.06084
-5.05169
-5.04139
-5.03082
-5.02301
-5.01767
-5.01655
-5.01827
-5.02369
-5.02968
-5.03587
-5.04299
-5.04926
-5.05491
-5.05746
-5.05762
-5.05613
-5.05133
-5.04675
-5.04227
-5.04202
-5.04347
-5.04888
-5.05631
-5.06392
-5.07098
-5.0759
-5.07681
-5.07236
-5.06318
-5.05131
-5.0352
-5.01728
-5.00243
-4.98892
-4.98139
-4.98161
-4.98823
-4.99922
-5.01161
-5.0225
-5.03035
-5.03507
-5.03639
-5.03446
-5.03038
-5.02319
-5.01517
-5.00829
-5.00518
-5.00759
-5.01461
-5.02572
-5.0364
-5.04578
-5.05163
-5.05481
-5.05701
-5.0617
-5.06893
-5.08069
-5.09306
-5.10449
-5.11352
-5.11541
-5.11017
-5.09727
-5.07595
-5.05199
-5.02773
-5.00918
-4.99844
-4.99654
-4.99847
-4.99944
-4.99822
-4.99177
-4.98312
-4.97221
-4.96421
-4.9589
-4.9606
-4.96862
-4.98082
-4.99879
-5.01806
-5.0356
-5.04941
-5.05904
-5.06637
-5.07163
-5.07989
-5.09056
-5.10299
-5.11414
-5.12047
-5.11737
-5.10666
-5.08759
-5.06373
-5.03308
-4.99882
-4.96237
-4.92816
-4.90107
-4.88787
-4.88819
-4.90063
-4.91905
-4.93887
-4.95622
-4.96651
-4.97229
-4.97175
-4.96663
-4.95973
-4.95217
-4.94542
-4.94104
-4.93967
-4.94028
-4.94394
-4.94556
-4.94916
-4.95301
-4.95627
-4.95996
-4.96263
-4.96065
-4.9538
-4.94311
-4.93053
-4.91595
-4.90237
-4.89029
-4.882
-4.87833
-4.88195
-4.89322
-4.91146
-4.93372
-4.96358
-4.99494
-5.02823
-5.06165
-5.08979
-5.11051
-5.12428
-5.13149
-5.13405
-5.13585
-5.138
-5.13835
-5.13628
-5.13134
-5.1248
-5.11615
-5.10494
-5.09026
-5.07121
-5.05142
-5.03222
-5.01544
-5.00137
-4.99048
-4.98202
-4.97518
-4.9721
-4.97141
-4.9767
-4.98596
-4.99845
-5.01287
-5.02717
-5.0397
-5.05068
-5.06007
-5.06874
-5.07622
-5.08143
-5.08453
-5.08342
-5.07698
-5.06245
-5.04113
-5.01407
-4.98347
-4.95574
-4.93579
-4.92756
-4.93294
-4.94683
-4.96351
-4.97678
-4.9831
-4.98261
-4.97592
-4.96295
-4.94751
-4.92961
-4.91176
-4.89507
-4.88322
-4.87927
-4.88643
-4.905
-4.93078
-4.95561
-4.97626
-4.99341
-5.00763
-5.02594
-5.05001
-5.08045
-5.11751
-5.15777
-5.19469
-5.22743
-5.25137
-5.26304
-5.26358
-5.25055
-5.22493
-5.18947
-5.1487
-5.10826
-5.07432
-5.05259
-5.04708
-5.05755
-5.07873
-5.10444
-5.12885
-5.14635
-5.15531
-5.15604
-5.15309
-5.14971
-5.1533
-5.16564
-5.18391
-5.20437
-5.22082
-5.22881
-5.22811
-5.2186
-5.19927
-5.17137
-5.13667
-5.09881
-5.06051
-5.02664
-5.00215
-4.99116
-4.99536
-5.01147
-5.03796
-5.06856
-5.09825
-5.12426
-5.14274
-5.15374
-5.15532
-5.14866
-5.13754
-5.12197
-5.10313
-5.08211
-5.05836
-5.03219
-5.00485
-4.97895
-4.95554
-4.93798
-4.92942
-4.93277
-4.94719
-4.97292
-5.00523
-5.04183
-5.0791
-5.1147
-5.1418
-5.1582
-5.16073
-5.14969
-5.12889
-5.10442
-5.08398
-5.07036
-5.06589
-5.06433
-5.06074
-5.05534
-5.04412
-5.02732
-5.0082
-4.98777
-4.97302
-4.96404
-4.96639
-4.98038
-5.00157
-5.02533
-5.04748
-5.06314
-5.07649
-5.08474
-5.08971
-5.09379
-5.09748
-5.10261
-5.10943
-5.11836
-5.12907
-5.14002
-5.14809
-5.15366
-5.15648
-5.15529
-5.14837
-5.1353
-5.11389
-5.08451
-5.04909
-5.01055
-4.97712
-4.95516
-4.94583
-4.94719
-4.95636
-4.96767
-4.98473
-5.00656
-5.03239
-5.06446
-5.0988
-5.12972
-5.15561
-5.17219
-5.17755
-5.17022
-5.14975
-5.11737
-5.07858
-5.03732
-4.99775
-4.96526
-4.94112
-4.92792
-4.92746
-4.9384
-4.959
-4.9873
-5.02177
-5.05732
-5.0928
-5.12556
-5.15032
-5.16917
-5.18029
-5.18707
-5.19152
-5.19391
-5.19501
-5.19229
-5.18578
-5.17444
-5.15687
-5.13422
-5.10608
-5.07456
-5.0413
-5.00703
-4.97884
-4.96332
-4.96254
-4.97695
-5.00078
-5.02771
-5.05148
-5.06777
-5.075
-5.07124
-5.05683
-5.03357
-5.00827
-4.98529
-4.96809
-4.95867
-4.95508
-4.95569
-4.96097
-4.96819
-4.9793
-4.99216
-5.00887
-5.02742
-5.04732
-5.0653
-5.08176
-5.09396
-5.10155
-5.10272
-5.09634
-5.08407
-5.06443
-5.0386
-5.00968
-4.98051
-4.95326
-4.93183
-4.91651
-4.9087
-4.90857
-4.91603
-4.92802
-4.94434
-4.96228
-4.97876
-4.99223
-5.00203
-5.00661
-5.00691
-5.00304
-4.99699
-4.98935
-4.98082
-4.97469
-4.97266
-4.97534
-4.98261
-4.99226
-5.00321
-5.01693
-5.03003
-5.0458
-5.067
-5.09093
-5.11417
-5.13372
-5.14584
-5.14803
-5.1415
-5.12548
-5.10237
-5.07056
-5.03441
-4.99735
-4.96406
-4.93967
-4.92688
-4.92864
-4.94262
-4.96329
-4.98782
-5.0113
-5.03044
-5.04401
-5.05049
-5.05182
-5.04742
-5.04126
-5.03477
-5.02662
-5.01544
-4.99933
-4.97704
-4.95131
-4.92728
-4.91061
-4.90965
-4.91982
-4.94258
-4.96914
-4.99678
-5.01956
-5.03518
-5.04216
-5.04254
-5.03682
-5.02817
-5.01799
-5.00751
-5.00083
-4.9977
-5.00191
-5.01066
-5.02266
-5.0345
-5.04308
-5.04549
-5.04214
-5.03256
-5.01673
-4.99787
-4.97832
-4.96033
-4.94801
-4.93803
-4.93205
-4.92849
-4.92549
-4.92369
-4.92724
-4.93569
-4.9495
-4.96559
-4.98354
-5.00613
-5.03266
-5.0627
-5.09342
-5.12078
-5.13967
-5.14851
-5.14696
-5.13507
-5.11579
-5.09175
-5.06719
-5.0418
-5.0188
-4.99838
-4.98013
-4.967
-4.95955
-4.95912
-4.96461
-4.97606
-4.98753
-4.99741
-5.00394
-5.00938
-5.01079
-5.00814
-5.00282
-4.99341
-4.98313
-4.97552
-4.97149
-4.97093
-4.97769
-4.98969
-5.00354
-5.01728
-5.02748
-5.03297
-5.03318
-5.02692
-5.01583
-5.0004
-4.98603
-4.97332
-4.96379
-4.95929
-4.95753
-4.95811
-4.95933
-4.96098
-4.96181
-4.96119
-4.9588
-4.95389
-4.94499
-4.93323
-4.9218
-4.91113
-4.90541
-4.90991
-4.9215
-4.94176
-4.96456
-4.98639
-5.00675
-5.02298
-5.03708
-5.04936
-5.05863
-5.06646
-5.07109
-5.07065
-5.06239
-5.04801
-5.03008
-5.00831
-4.98866
-4.97144
-4.95667
-4.94509
-4.93767
-4.93323
-4.93097
-4.92869
-4.92753
-4.92745
-4.92998
-4.9387
-4.95546
-4.98057
-5.01283
-5.04903
-5.08464
-5.11635
-5.1431
-5.16225
-5.17248
-5.17602
-5.17092
-5.15275
-5.12377
-5.08545
-5.04089
-5.00014
-4.9724
-4.96306
-4.97047
-4.98859
-5.01539
-5.04467
-5.07101
-5.09023
-5.09877
-5.09943
-5.09279
-5.08146
-5.06919
-5.05782
-5.04703
-5.03904
-5.0321
-5.0256
-5.01964
-5.01385
-5.00798
-5.00308
-5.00035
-4.99883
-4.99778
-4.99554
-4.99085
-4.98252
-4.97249
-4.9647
-4.95924
-4.95694
-4.95982
-4.96525
-4.97077
-4.97769
-4.98841
-5.00539
-5.02829
-5.05458
-5.07993
-5.10302
-5.11942
-5.13012
-5.12976
-5.12096
-5.10219
-5.07875
-5.04974
-5.02103
-4.99802
-4.98376
-4.97911
-4.98421
-4.9973
-5.01345
-5.02723
-5.03877
-5.04273
-5.03841
-5.02682
-5.01202
-4.99634
-4.987
-4.98621
-4.99009
-4.99671
-5.00419
-5.01228
-5.01908
-5.02676
-5.02988
-5.03356
-5.03556
-5.03809
-5.03896
-5.03848
-5.03667
-5.03265
-5.02735
-5.0219
-5.01539
-5.00778
-5.00052
-4.99357
-4.98979
-4.98655
-4.98404
-4.9801
-4.97144
-4.95978
-4.94799
-4.93672
-4.93056
-4.93062
-4.93634
-4.94239
-4.94637
-4.94852
-4.94932
-4.94994
-4.95106
-4.95725
-4.97247
-4.99874
-5.03245
-5.0705
-5.10503
-5.13255
-5.15111
-5.16142
-5.1641
-5.15641
-5.14275
-5.12222
-5.09724
-5.07072
-5.04544
-5.0257
-5.01207
-5.00285
-4.99788
-4.99244
-4.98726
-4.9805
-4.97107
-4.96142
-4.95318
-4.94741
-4.94271
-4.94168
-4.94124
-4.94109
-4.9429
-4.94531
-4.94775
-4.95263
-4.95869
-4.96601
-4.97432
-4.98765
-5.00788
-5.03532
-5.06962
-5.1059
-5.14137
-5.17247
-5.197
-5.21538
-5.22742
-5.23016
-5.22351
-5.20707
-5.1823
-5.15021
-5.11636
-5.07952
-5.04087
-5.00224
-4.96445
-4.93523
-4.92071
-4.9254
-4.94448
-4.97286
-5.00166
-5.02787
-5.04866
-5.0589
-5.05961
-5.04936
-5.03153
-5.01052
-4.99282
-4.98151
-4.97454
-4.96769
-4.96228
-4.9558
-4.95359
-4.95622
-4.96524
-4.98113
-5.00238
-5.02583
-5.04825
-5.06432
-5.07463
-5.07685
-5.07451
-5.07042
-5.06415
-5.05995
-5.05705
-5.05556
-5.05428
-5.0521
-5.04676
-5.03859
-5.02658
-5.01223
-4.99617
-4.98071
-4.9683
-4.963
-4.96661
-4.97889
-5.00036
-5.03055
-5.06515
-5.10037
-5.13101
-5.15535
-5.16905
-5.1738
-5.17042
-5.16386
-5.15473
-5.14206
-5.12652
-5.10779
-5.08907
-5.07135
-5.06013
-5.05415
-5.05603
-5.06528
-5.07718
-5.08764
-5.09525
-5.09845
-5.09876
-5.09569
-5.09102
-5.08565
-5.08225
-5.08295
-5.08892
-5.09842
-5.11091
