-3.44142
-3.44127
-3.44203
-3.44188
-3.44158
-3.44128
-3.44143
-3.44233
-3.44339
-3.44369
-3.44399
-3.44324
-3.44308
-3.44308
-3.44293
-3.44293
-3.44293
-3.44263
-3.44324
-3.44339
-3.44355
-3.44309
-3.44279
-3.444
-3.4437
-3.44324
-3.44248
-3.44097
-3.44051
-3.44036
-3.44067
-3.44097
-3.44036
-3.44112
-3.44112
-3.44188
-3.44263
-3.44324
-3.44279
-3.44278
-3.44324
-3.44279
-3.44279
-3.44203
-3.44264
-3.44218
-3.44263
-3.44263
-3.44324
-3.44308
-3.44293
-3.44369
-3.44233
-3.44142
-3.44066
-3.44051
-3.44036
-3.44066
-3.44081
-3.44051
-3.44021
-3.43991
-3.44096
-3.44111
-3.44142
-3.44157
-3.44217
-3.44097
-3.44082
-3.44142
-3.44142
-3.44096
-3.44187
-3.44127
-3.44067
-3.44082
-3.44082
-3.44127
-3.44096
-3.44081
-3.44051
-3.44096
-3.44051
-3.44051
-3.44097
-3.44097
-3.44203
-3.44233
-3.44293
-3.44459
-3.44444
-3.44338
-3.44383
-3.44383
-3.44278
-3.44308
-3.44323
-3.44323
-3.44323
-3.44292
-3.44217
-3.44247
-3.44277
-3.44202
-3.44232
-3.44202
-3.44217
-3.44263
-3.44293
-3.44293
-3.44278
-3.44323
-3.44278
-3.44338
-3.44413
-3.44338
-3.44308
-3.44338
-3.44277
-3.44262
-3.44292
-3.44292
-3.44322
-3.44322
-3.44217
-3.44293
-3.44247
-3.44232
-3.44202
-3.44157
-3.44157
-3.44156
-3.44172
-3.44035
-3.44141
-3.44096
-3.44247
-3.44247
-3.44262
-3.44277
-3.44247
-3.44247
-3.44308
-3.44398
-3.44338
-3.44368
-3.44368
-3.44353
-3.44353
-3.44262
-3.44232
-3.44141
-3.44126
-3.44081
-3.44171
-3.44186
-3.44171
-3.44247
-3.44277
-3.44338
-3.44262
-3.44202
-3.44262
-3.44217
-3.44262
-3.44186
-3.44247
-3.44141
-3.44141
-3.44156
-3.44126
-3.44126
-3.44172
-3.44232
-3.44262
-3.44308
-3.44474
-3.44459
-3.44338
-3.44413
-3.44292
-3.44217
-3.44217
-3.44187
-3.44157
-3.44157
-3.44172
-3.44187
-3.44217
-3.44217
-3.44187
-3.44217
-3.44157
-3.44112
-3.44081
-3.44081
-3.44096
-3.44036
-3.44066
-3.44036
-3.44097
-3.44112
-3.44097
-3.44036
-3.44051
-3.4399
-3.44036
-3.43945
-3.4384
-3.43885
-3.4387
-3.43946
-3.44067
-3.44021
-3.44096
-3.44096
-3.44141
-3.44111
-3.44126
-3.44066
-3.43946
-3.43991
-3.43991
-3.44112
-3.44081
-3.44126
-3.4399
-3.43975
-3.4399
-3.439
-3.44021
-3.44127
-3.44157
-3.44112
-3.44036
-3.44051
-3.4396
-3.44005
-3.4399
-3.43976
-3.43991
-3.44052
-3.43931
-3.4387
-3.43734
-3.4378
-3.43719
-3.43749
-3.43779
-3.43839
-3.43854
-3.4399
-3.4402
-3.44051
-3.43991
-3.43946
-3.43961
-3.43825
-3.4387
-3.43855
-3.43809
-3.43824
-3.43824
-3.43794
-3.43779
-3.43794
-3.43764
-3.43885
-3.43734
-3.43749
-3.43749
-3.43658
-3.43674
-3.4381
-3.43855
-3.43855
-3.4387
-3.43976
-3.44006
-3.44096
-3.44126
-3.44141
-3.44051
-3.44005
-3.44021
-3.44096
-3.44036
-3.44262
-3.44217
-3.44097
-3.44067
-3.44006
-3.43991
-3.44097
-3.44172
-3.44142
-3.44187
-3.44338
-3.44399
-3.44369
-3.44248
-3.44187
-3.44172
-3.44202
-3.44217
-3.44081
-3.44021
-3.43975
-3.4396
-3.4393
-3.43945
-3.43976
-3.43945
-3.44006
-3.43915
-3.4396
-3.4396
-3.43961
-3.44006
-3.44051
-3.44036
-3.44021
-3.43991
-3.44006
-3.44021
-3.43976
-3.43991
-3.44006
-3.44067
-3.44022
-3.44037
-3.44097
-3.44081
-3.44081
-3.4399
-3.43839
-3.43854
-3.43915
-3.43991
-3.43976
-3.4387
-3.43825
-3.4384
-3.43734
-3.43704
-3.43613
-3.43598
-3.43583
-3.43628
-3.43643
-3.43643
-3.43673
-3.43764
-3.4375
-3.43734
-3.43795
-3.43673
-3.43673
-3.43658
-3.43583
-3.43598
-3.43689
-3.43613
-3.43689
-3.43765
-3.4372
-3.4381
-3.43841
-3.4384
-3.43855
-3.43915
-3.43991
-3.4402
-3.4399
-3.4399
-3.44066
-3.44112
-3.44127
-3.44158
-3.44128
-3.44128
-3.44142
-3.44263
-3.44232
-3.44247
-3.44278
-3.44263
-3.44324
-3.44354
-3.44279
-3.44264
-3.44339
-3.44354
-3.44324
-3.44248
-3.44233
-3.44187
-3.44142
-3.44111
-3.44126
-3.44202
-3.44141
-3.44172
-3.44172
-3.44142
-3.44203
-3.44233
-3.44354
-3.44354
-3.44248
-3.44263
-3.44248
-3.44218
-3.44233
-3.44218
-3.44172
-3.44127
-3.44157
-3.44097
-3.43976
-3.43839
-3.43809
-3.43764
-3.4384
-3.43795
-3.43719
-3.43629
-3.43705
-3.4369
-3.43735
-3.4375
-3.4375
-3.43765
-3.43749
-3.43764
-3.43689
-3.43825
-3.43916
-3.43871
-3.43992
-3.44007
-3.43916
-3.43886
-3.4375
-3.4384
-3.43749
-3.43704
-3.43704
-3.43659
-3.43644
-3.4369
-3.43538
-3.43644
-3.43659
-3.43644
-3.43689
-3.43689
-3.43689
-3.43644
-3.43614
-3.43659
-3.4375
-3.43689
-3.43614
-3.43584
-3.43569
-3.43523
-3.43554
-3.43569
-3.43629
-3.43735
-3.43704
-3.43689
-3.43734
-3.43749
-3.43764
-3.4387
-3.43749
-3.4378
-3.43764
-3.43583
-3.43583
-3.43659
-3.43614
-3.43659
-3.4369
-3.4375
-3.43826
-3.43856
-3.4378
-3.43795
-3.43825
-3.43795
-3.43825
-3.43749
-3.43659
-3.43674
-3.43704
-3.43719
-3.43735
-3.4384
-3.43795
-3.4378
-3.43841
-3.4372
-3.43765
-3.4375
-3.4381
-3.43901
-3.43901
-3.43901
-3.43795
-3.43765
-3.43826
-3.43856
-3.43916
-3.43871
-3.43841
-3.43871
-3.4378
-3.43794
-3.43945
-3.43991
-3.44021
-3.43991
-3.43977
-3.43962
-3.43947
-3.44037
-3.44143
-3.44203
-3.44097
-3.44052
-3.44021
-3.43991
-3.44006
-3.43931
-3.4378
-3.4378
-3.43734
-3.4381
-3.43734
-3.43719
-3.43674
-3.4372
-3.43705
-3.4381
-3.43871
-3.43962
-3.44007
-3.43977
-3.44067
-3.44082
-3.44007
-3.43931
-3.4387
-3.43764
-3.43764
-3.43734
-3.43719
-3.43719
-3.43779
-3.43719
-3.43719
-3.43749
-3.43734
-3.43704
-3.4372
-3.43674
-3.43659
-3.43629
-3.43689
-3.43765
-3.43749
-3.4378
-3.4384
-3.43885
-3.43915
-3.4384
-3.43734
-3.43855
-3.4381
-3.43749
-3.43825
-3.4387
-3.4387
-3.43916
-3.43946
-3.43886
-3.43901
-3.43871
-3.43946
-3.4384
-3.4378
-3.43764
-3.43779
-3.43824
-3.43794
-3.4387
-3.43991
-3.43976
-3.43991
-3.43961
-3.43886
-3.43856
-3.43795
-3.4384
-3.43765
-3.43749
-3.43795
-3.43795
-3.43825
-3.43931
-3.44037
-3.44142
-3.44202
-3.44142
-3.44338
-3.44248
-3.44309
-3.44173
-3.44158
-3.44143
-3.44158
-3.44098
-3.44067
-3.43962
-3.43931
-3.43931
-3.4387
-3.43916
-3.43825
-3.4387
-3.4384
-3.4384
-3.43856
-3.43886
-3.43856
-3.43901
-3.43961
-3.43931
-3.43946
-3.43961
-3.43885
-3.439
-3.43674
-3.43583
-3.43689
-3.43795
-3.43734
-3.43689
-3.43583
-3.43614
-3.43614
-3.43538
-3.43553
-3.43523
-3.43508
-3.43538
-3.43614
-3.43599
-3.43584
-3.43614
-3.43599
-3.43599
-3.43568
-3.43644
-3.43583
-3.43599
-3.43644
-3.43598
-3.43613
-3.43583
-3.43553
-3.43478
-3.43584
-3.43569
-3.43538
-3.43478
-3.43659
-3.43765
-3.43765
-3.4378
-3.43629
-3.43508
-3.43553
-3.43598
-3.43432
-3.43387
-3.43372
-3.43297
-3.43267
-3.43206
-3.43191
-3.43252
-3.43251
-3.43251
-3.43115
-3.43145
-3.4316
-3.4313
-3.43175
-3.4313
-3.431
-3.4307
-3.43131
-3.43206
-3.43251
-3.43282
-3.43312
-3.43282
-3.43282
-3.43433
-3.43432
-3.43326
-3.43387
-3.43281
-3.43387
-3.43433
-3.43388
-3.43418
-3.43357
-3.43388
-3.43448
-3.43342
-3.43267
-3.43221
-3.43237
-3.43176
-3.43176
-3.43297
-3.43236
-3.43327
-3.43417
-3.43417
-3.43372
-3.43402
-3.43448
-3.43523
-3.43508
-3.43569
-3.43629
-3.43629
-3.43644
-3.43629
-3.43568
-3.43538
-3.43584
-3.4366
-3.4375
-3.43932
-3.44022
-3.43947
-3.44007
-3.44128
-3.43993
-3.43902
-3.43902
-3.43841
-3.4384
-3.4384
-3.43885
-3.43961
-3.43871
-3.43856
-3.43841
-3.43856
-3.43902
-3.43796
-3.43781
-3.43735
-3.4366
-3.43659
-3.43705
-3.43659
-3.43735
-3.43795
-3.43825
-3.43871
-3.43901
-3.43856
-3.4378
-3.4375
-3.4369
-3.43644
-3.43629
-3.4366
-3.43629
-3.43584
-3.43674
-3.43689
-3.43614
-3.43705
-3.43826
-3.43826
-3.43795
-3.4378
-3.43825
-3.43886
-3.43947
-3.43917
-3.43977
-3.43932
-3.44083
-3.44038
-3.44098
-3.44023
-3.44128
-3.44022
-3.43916
-3.43931
-3.43991
-3.43961
-3.43886
-3.43871
-3.43841
-3.43675
-3.43736
-3.43721
-3.43676
-3.43645
-3.43735
-3.43645
-3.43584
-3.43614
-3.43569
-3.43569
-3.43599
-3.43675
-3.4363
-3.43751
-3.43585
-3.43675
-3.43736
-3.43887
-3.43872
-3.43796
-3.43781
-3.43796
-3.43887
-3.44068
-3.44174
-3.44174
-3.44189
-3.44143
-3.44234
-3.44189
-3.44174
-3.44204
-3.44113
-3.44053
-3.44113
-3.44052
-3.44037
-3.44052
-3.44174
-3.44174
-3.44083
-3.44023
-3.44007
-3.44053
-3.44007
-3.43961
-3.43916
-3.43916
-3.43841
-3.43917
-3.43932
-3.43932
-3.43887
-3.43887
-3.43962
-3.43811
-3.43841
-3.43871
-3.43931
-3.43977
-3.43916
-3.43916
-3.43946
-3.43916
-3.43992
-3.43916
-3.43947
-3.44007
-3.43977
-3.43976
-3.43991
-3.43991
-3.4381
-3.43795
-3.4375
-3.43705
-3.43795
-3.4381
-3.43644
-3.43569
-3.43539
-3.43599
-3.43599
-3.43659
-3.43689
-3.43644
-3.43689
-3.43705
-3.43781
-3.43826
-3.43781
-3.43781
-3.43887
-3.43902
-3.43917
-3.43932
-3.43992
-3.43947
-3.44067
-3.44052
-3.43977
-3.43992
-3.43931
-3.43976
-3.43991
-3.44051
-3.43991
-3.44022
-3.43947
-3.43962
-3.44128
-3.44174
-3.44325
-3.44385
-3.444
-3.44294
-3.44203
-3.44218
-3.44279
-3.44218
-3.44279
-3.44143
-3.44173
-3.44233
-3.44309
-3.44384
-3.44415
-3.444
-3.44445
-3.44385
-3.44445
-3.44354
-3.44294
-3.44324
-3.44203
-3.44218
-3.44233
-3.44278
-3.44309
-3.44324
-3.44218
-3.44128
-3.44007
-3.43977
-3.43961
-3.43961
-3.43931
-3.43991
-3.44097
-3.44097
-3.44052
-3.44082
-3.44067
-3.44052
-3.43977
-3.44053
-3.44053
-3.44098
-3.44022
-3.44037
-3.44052
-3.43977
-3.43931
-3.43856
-3.43901
-3.4387
-3.43991
-3.439
-3.43825
-3.43901
-3.43977
-3.43977
-3.43992
-3.43977
-3.44082
-3.44173
-3.44279
-3.44294
-3.44278
-3.44278
-3.44324
-3.44263
-3.44203
