1.10096
1.10572
1.11307
1.12098
1.12733
1.13034
1.12883
1.12239
1.11135
1.09685
1.08091
1.06624
1.05585
1.05219
1.05623
1.06699
1.08198
1.09818
1.11285
1.12383
1.1295
1.12869
1.12068
1.10538
1.0836
1.05743
1.02997
1.00459
0.983869
0.969095
0.96049
0.957901
0.961268
0.970483
0.984965
1.00343
1.02417
1.04576
1.06753
1.08949
1.11157
1.13287
1.15166
1.16621
1.17556
1.17963
1.17893
1.17429
1.16658
1.1566
1.14512
1.13284
1.12043
1.10841
1.09711
1.08674
1.07745
1.06932
1.06232
1.05637
1.05148
1.04801
1.04681
1.04896
1.05512
1.06474
1.07593
1.08626
1.09387
1.09814
1.09959
1.09907
1.09682
1.09206
1.08339
1.06977
1.05153
1.03076
1.01085
0.995228
0.986043
0.983897
0.988342
0.997663
1.00859
1.01747
1.02211
1.02265
1.02094
1.01937
1.01973
1.02251
1.02704
1.03195
1.03594
1.03817
1.03865
1.0384
1.03924
1.04298
1.05045
1.0609
1.07257
1.08377
1.09358
1.10189
1.10897
1.11488
1.11918
1.12098
1.11933
1.11378
1.10477
1.09379
1.0828
1.07348
1.06648
1.06144
1.05748
1.05394
1.05083
1.04869
1.04821
1.04963
1.05247
1.05552
1.05728
1.05662
1.05311
1.04703
1.03897
1.02953
1.01942
1.00971
1.00191
0.997631
0.998078
1.00358
1.01354
1.02666
1.04129
1.05566
1.06806
1.07702
1.08161
1.08173
1.07811
1.07211
1.06524
1.0588
1.0538
1.05084
1.0502
1.05165
1.05465
1.05854
1.06277
1.06701
1.07099
1.07435
1.07656
1.07707
1.07567
1.07277
1.06942
1.06694
1.06637
1.06804
1.07164
1.0765
1.08177
1.08648
1.08945
1.08966
1.08649
1.08007
1.07105
1.06041
1.04927
1.03887
1.03067
1.02615
1.0263
1.03091
1.03844
1.0467
1.05385
1.05898
1.06193
1.06281
1.06172
1.0588
1.05442
1.04937
1.04498
1.04291
1.04442
1.0495
1.05671
1.06402
1.06987
1.07368
1.0759
1.07777
1.0808
1.08602
1.09356
1.1024
1.11073
1.11644
1.1178
1.11381
1.1044
1.0905
1.07402
1.05785
1.04518
1.03822
1.03685
1.03854
1.03999
1.03888
1.03458
1.02801
1.02093
1.0153
1.01267
1.0139
1.01914
1.02788
1.03906
1.0512
1.06269
1.07219
1.07912
1.08391
1.08802
1.09322
1.10044
1.10882
1.11615
1.11997
1.11871
1.11197
1.10017
1.08395
1.06393
1.04089
1.01639
0.993181
0.975023
0.965317
0.965323
0.973415
0.986092
0.999608
1.01108
1.01884
1.02239
1.02213
1.01903
1.01432
1.00928
1.00499
1.00217
1.00115
1.00176
1.00339
1.00548
1.00778
1.01035
1.01313
1.01548
1.01636
1.01473
1.01017
1.00294
0.993846
0.983929
0.97427
0.966015
0.960393
0.958548
0.961262
0.968676
0.980335
0.995575
1.01397
1.03518
1.05817
1.08066
1.09982
1.11373
1.1222
1.12651
1.12842
1.12932
1.12975
1.12958
1.1284
1.12591
1.12195
1.11628
1.10861
1.09872
1.08693
1.07414
1.06165
1.05056
1.04138
1.03402
1.02818
1.02382
1.02136
1.02151
1.02473
1.03091
1.03923
1.04854
1.05777
1.06623
1.07365
1.08011
1.08579
1.09067
1.09445
1.09642
1.09557
1.09087
1.08149
1.06717
1.04873
1.02844
1.00995
0.997258
0.992781
0.996264
1.00512
1.01573
1.02468
1.0296
1.02957
1.02501
1.01707
1.00698
0.995653
0.983853
0.972825
0.964627
0.961895
0.966667
0.978843
0.995421
1.01208
1.02594
1.03697
1.04726
1.05947
1.07562
1.09641
1.12102
1.14726
1.17237
1.19369
1.20915
1.21723
1.21698
1.20809
1.19101
1.16728
1.1397
1.11224
1.08941
1.07512
1.07146
1.07793
1.09175
1.10878
1.12485
1.13671
1.14269
1.14308
1.14031
1.13826
1.14055
1.14858
1.16085
1.17409
1.18486
1.19068
1.19031
1.18347
1.17049
1.15209
1.12946
1.10432
1.07909
1.05682
1.04069
1.03326
1.03556
1.0467
1.06416
1.08456
1.10455
1.12149
1.1336
1.14014
1.14119
1.13745
1.12994
1.11966
1.1073
1.09319
1.07745
1.06031
1.04238
1.02492
1.00972
0.998815
0.994014
0.996453
1.00637
1.02302
1.04485
1.06976
1.09521
1.11844
1.1366
1.14723
1.14882
1.14146
1.12749
1.11128
1.09756
1.08898
1.0851
1.08345
1.08135
1.07695
1.06937
1.05878
1.04623
1.03352
1.02308
1.0177
1.01957
1.02889
1.04332
1.05926
1.07372
1.08517
1.09337
1.09876
1.10218
1.1046
1.10706
1.11048
1.11533
1.12148
1.12832
1.13502
1.14079
1.14501
1.14709
1.1464
1.14209
1.13318
1.1188
1.09881
1.07449
1.04901
1.02682
1.01188
1.00556
1.00637
1.01177
1.02012
1.03129
1.04594
1.06437
1.08575
1.10814
1.12906
1.14601
1.15686
1.16003
1.15464
1.14079
1.11971
1.09375
1.06604
1.03987
1.01801
1.00242
0.994223
0.993815
1.00091
1.01454
1.0333
1.05557
1.07958
1.10333
1.12477
1.14208
1.15435
1.16186
1.16598
1.16834
1.16993
1.17067
1.16956
1.16542
1.15746
1.14554
1.13004
1.11158
1.09077
1.06839
1.04616
1.02727
1.01591
1.01509
1.02449
1.04058
1.05863
1.07457
1.08553
1.08975
1.08654
1.07653
1.06173
1.04517
1.03005
1.01879
1.0124
1.01051
1.01193
1.01544
1.02056
1.02746
1.03655
1.04778
1.06045
1.07342
1.0855
1.09577
1.1035
1.10795
1.10843
1.10438
1.0956
1.0824
1.06569
1.04691
1.02787
1.01041
0.996126
0.986114
0.981008
0.980918
0.985494
0.993888
1.00476
1.01652
1.02761
1.03679
1.04323
1.04658
1.04688
1.0445
1.04006
1.03447
1.02888
1.0246
1.02284
1.02433
1.02897
1.0359
1.04391
1.05225
1.06129
1.07221
1.08584
1.10148
1.11698
1.12971
1.13758
1.13945
1.135
1.12452
1.10861
1.08811
1.06441
1.0398
1.01751
1.00095
0.992628
0.993296
1.00181
1.01568
1.03194
1.04779
1.06105
1.0703
1.07503
1.07561
1.07319
1.06918
1.06455
1.05911
1.05146
1.04001
1.02445
1.00659
0.990173
0.979464
0.977513
0.984892
0.999661
1.01828
1.0368
1.05209
1.0624
1.06745
1.06791
1.0648
1.05924
1.05245
1.04587
1.04112
1.03963
1.04214
1.04817
1.05617
1.06396
1.06948
1.07129
1.06875
1.06197
1.05161
1.03894
1.02581
1.01432
1.00601
1.00086
0.997475
0.9944
0.991698
0.990901
0.993565
0.999904
1.00891
1.01964
1.03211
1.04706
1.06496
1.08508
1.10536
1.12309
1.13579
1.14178
1.14055
1.13272
1.11987
1.10404
1.08717
1.07064
1.05521
1.04129
1.02943
1.02058
1.01582
1.01573
1.01989
1.02682
1.03456
1.04135
1.04611
1.04853
1.04876
1.047
1.04335
1.03808
1.03203
1.02666
1.02367
1.0244
1.02922
1.03732
1.04705
1.05641
1.06361
1.06737
1.06711
1.06293
1.05554
1.04617
1.03639
1.02781
1.02166
1.01836
1.01749
1.01807
1.01908
1.01978
1.01983
1.01911
1.01732
1.01385
1.00811
1.00027
0.991653
0.984539
0.981431
0.98403
0.992456
1.00526
1.02015
1.03501
1.04838
1.0596
1.0688
1.07659
1.08347
1.08919
1.09258
1.09219
1.08709
1.0775
1.06474
1.05063
1.03693
1.02484
1.015
1.00758
1.00243
0.999169
0.997161
0.995738
0.99456
0.99411
0.995792
1.00151
1.01278
1.02992
1.05163
1.07546
1.0987
1.11923
1.13585
1.14802
1.15534
1.1573
1.15309
1.14189
1.12317
1.09762
1.06832
1.04116
1.02267
1.01614
1.02057
1.03326
1.05122
1.07084
1.0883
1.10081
1.10721
1.10775
1.10363
1.09657
1.0884
1.08052
1.07363
1.06779
1.06276
1.05823
1.05395
1.0499
1.04628
1.04352
1.0419
1.04129
1.04089
1.0395
1.03616
1.03082
1.02443
1.01864
1.0149
1.01387
1.01518
1.01799
1.02168
1.02649
1.03374
1.04476
1.05962
1.07674
1.09384
1.10883
1.12007
1.12619
1.12626
1.11999
1.10798
1.09165
1.07301
1.05458
1.03914
1.02923
1.02633
1.03024
1.03906
1.05003
1.06032
1.06761
1.07035
1.06777
1.06025
1.04978
1.03993
1.03411
1.03338
1.03627
1.04068
1.04546
1.05035
1.05519
1.0595
1.06269
1.06454
1.06547
1.06615
1.06683
1.06701
1.06591
1.06313
1.05899
1.05415
1.0491
1.04403
1.03909
1.03476
1.03163
1.02977
1.0282
1.02537
1.0202
1.01283
1.00457
0.997464
0.993459
0.993397
0.996404
1.00044
1.00369
1.00553
1.00616
1.00628
1.00732
1.01176
1.02221
1.03972
1.0627
1.08755
1.11047
1.12882
1.1415
1.14837
1.14965
1.14553
1.13623
1.12234
1.10529
1.0873
1.07085
1.05769
1.04841
1.04246
1.03864
1.03552
1.03186
1.02695
1.02087
1.01444
1.00885
1.005
1.00307
1.00249
1.00249
1.0027
1.0033
1.00481
1.00754
1.0113
1.01554
1.02001
1.02556
1.03404
1.04733
1.06592
1.08848
1.11257
1.13571
1.15614
1.1728
1.18505
1.19237
1.1941
1.18956
1.1785
1.16159
1.1405
1.11713
1.09267
1.0674
1.04155
1.01676
0.99698
0.987204
0.989925
1.00305
1.02176
1.04146
1.05884
1.07158
1.07811
1.07758
1.07034
1.05836
1.04506
1.03386
1.02622
1.02117
1.017
1.01299
1.00958
1.00791
1.00926
1.01477
1.02486
1.03882
1.05455
1.0692
1.08032
1.08679
1.08887
1.08771
1.08479
1.08142
1.07851
1.07648
1.07519
1.07413
1.07258
1.06972
1.06487
1.05767
1.04831
1.0377
1.0274
1.01933
1.01539
1.01709
1.02528
1.03989
1.05982
1.08299
1.10656
1.1275
1.14322
1.15235
1.15521
1.15347
1.14899
1.1428
1.13486
1.12481
1.11282
1.10004
1.08843
1.08015
1.07676
1.07852
1.08418
1.09161
1.09858
1.10355
1.10579
1.10529
1.10264
1.09882
1.09514
1.09298
1.09345
1.09713
1.10386
1.11258
