         100           0           0           0           0
         100    0.064633           0           0           0
         100    0.129266           0           0           0
         100    0.193899           0           0           0
         100    0.258532           0           0           0
         100    0.323165           0           0           0
         100    0.387798           0           0           0
         100    0.452431           0           0           0
         100    0.517064           0           0           0
         100    0.581697           0           0           0
         100     0.64633           0           0           0
         100    0.710963           0           0           0
         100    0.775596           0           0           0
         100     0.84023 0.000957892 0.000935142 3.81192e-05
         100    0.904863    0.145004    0.148348  0.00045045
         100    0.969496     1.08863     1.06288   0.0014199
         100     1.03413     2.01827     2.03795  0.00224858
         100     1.09876     2.26648       2.269  0.00279198
         100     1.16339     2.05818     2.08489  0.00216752
         100     1.22803     1.83251     1.83204  0.00179885
         100     1.29266     1.63501     1.61701   0.0016238
         100     1.35729     1.46546     1.45342   0.0014309
         100     1.42193     1.33376     1.33594  0.00136192
         100     1.48656     1.22976     1.25011  0.00101551
         100     1.55119     1.17649      1.1886 0.000980914
         100     1.61583     1.14891     1.14517 0.000999509
         100     1.68046     1.09758     1.11289 0.000879476
         100     1.74509     1.09169     1.09084 0.000888528
         100     1.80973     1.07876     1.07544 0.000868119
         100     1.87436     1.05837     1.06477  0.00074091
         100     1.93899     1.05488     1.06138 0.000795947
         100     2.00362     1.05242     1.05729  0.00063171
         100     2.06826     1.05682     1.05418 0.000730987
         100     2.13289     1.05322     1.05171 0.000653657
         100     2.19752     1.03306     1.04945 0.000644407
         100     2.26216     1.02737     1.04249 0.000593105
         100     2.32679       1.038     1.03811 0.000696822
         100     2.39142     1.02476     1.03196 0.000601332
         100     2.45606      1.0277     1.02634 0.000463774
         100     2.52069     1.01794     1.02109 0.000580124
         100     2.58532     1.01119     1.01745 0.000531413
         100     2.64995     1.01532     1.01326 0.000448316
         100     2.71459     1.00859     1.01081 0.000521277
         100     2.77922     1.00235     1.00774 0.000490743
         100     2.84385    0.997056     1.00459 0.000469164
         100     2.90849    0.993088     1.00275 0.000483287
         100     2.97312       1.005     1.00199 0.000546945
         100     3.03775    0.993662     1.00089 0.000449829
         100     3.10239    0.989798    0.998096 0.000484543
         100     3.16702    0.992461    0.997685 0.000483937
         100     3.23165    0.994645     0.99673 0.000430196
         100     3.29629    0.994102    0.996094 0.000385824
         100     3.36092    0.988054     0.99473 0.000421989
         100     3.42555    0.994169    0.993594 0.000398595
         100     3.49018    0.989325    0.992887 0.000385622
         100     3.55482     0.99163    0.992677 0.000389906
         100     3.61945    0.993674    0.992192 0.000343649
         100     3.68408    0.983719    0.991273 0.000366731
         100     3.74872    0.990189    0.990769 0.000328096
         100     3.81335    0.986434    0.990042 0.000291984
         100     3.87798    0.988641    0.990058 0.000351851
         100     3.94262    0.988643    0.989851 0.000373751
         100     4.00725    0.982695    0.988877 0.000293527
         100     4.07188     0.98887    0.989193 0.000300928
         100     4.13651    0.989244    0.988523 0.000326131
         100     4.20115    0.986738    0.988349 0.000315327
         100     4.26578    0.983183    0.987878  0.00033944
         100     4.33041    0.981801    0.988146 0.000294138
         100     4.39505    0.987607    0.987715 0.000315144
         100     4.45968    0.989575    0.987571 0.000279598
         100     4.52431    0.987748    0.987191 0.000330387
         100     4.58895    0.982997    0.987367  0.00028573
         100     4.65358    0.986778    0.987205  0.00022128
         100     4.71821    0.991474     0.98733 0.000293774
         100     4.78285     0.98171     0.98704 0.000279608
         100     4.84748    0.985414    0.986618 0.000277336
         100     4.91211    0.991596    0.986924 0.000242943
         100     4.97674    0.982751    0.987043 0.000275556
         100     5.04138    0.984309    0.986406 0.000233587
         100     5.10601    0.983851    0.986849 0.000257666
         100     5.17064    0.981949    0.986357  0.00024604
         100     5.23528    0.988561    0.986199 0.000283881
         100     5.29991    0.986306    0.986331 0.000240648
         100     5.36454    0.984351     0.98633 0.000267072
         100     5.42918     0.98385    0.986109 0.000252239
         100     5.49381    0.985371    0.986436 0.000261274
         100     5.55844    0.987827    0.985794 0.000244419
         100     5.62307    0.985808    0.986157 0.000244893
         100     5.68771    0.983751    0.985987 0.000238109
         100     5.75234     0.98621    0.986157 0.000183212
         100     5.81697    0.983837    0.985956 0.000232334
         100     5.88161    0.984751    0.986293 0.000222681
         100     5.94624    0.987735    0.985596 0.000211868
         100     6.01087    0.984858    0.985639 0.000224141
         100     6.07551    0.986653    0.986194  0.00023009
         100     6.14014    0.986404    0.986175  0.00021755
         100     6.20477    0.985854    0.985888 0.000215946
         100      6.2694    0.987059    0.986061  0.00023093
         100     6.33404    0.986063    0.985591 0.000210701
         100     6.39867    0.984784    0.985697 0.000197744
