0
0.119973
0.109276
0.0875621
0.0850154
0.07063
0.0717505
0.0696544
0.0616055
0.0551349
0.0596004
0.0768333
0.072554
0.0671835
0.0664703
0.0645151
0.060604
0.0576748
0.0553992
0.0532181
0.0527996
0.0506584
0.0484078
0.0489938
0.0470083
0.0452324
0.0436427
0.0444463
0.0431232
0.0425912
0.0412043
0.0400962
0.0392398
0.0382874
0.0371786
0.0377626
0.0376512
0.0378841
0.0370227
0.0360857
0.0352045
0.0343689
0.0335703
0.0328631
0.0321783
0.0320028
0.031325
0.0308696
0.0312328
0.0314011
0.0310802
0.0305086
0.030186
0.0299976
0.0295682
0.0293692
0.0290541
0.0290916
0.0285987
0.0282319
0.0278318
0.0274111
0.0271268
0.0274109
0.0270068
0.0266779
0.0263783
0.0260212
0.0256756
0.025501
0.0253618
0.0251776
0.024918
0.024604
0.0242965
0.0242074
0.0238954
0.0237328
0.0234496
0.023292
0.0231462
0.0229131
0.0227453
0.0224732
0.0224202
0.0221948
0.0219546
0.021824
0.0216157
0.0214046
0.0215091
0.0212781
0.0210495
0.021361
0.021669
0.0215711
0.0213479
0.0211932
0.021016
0.0210174
0.0208892
0.0206909
0.0209091
0.0208701
0.0207705
0.0206052
0.0204703
0.0202801
0.020121
0.020071
0.020015
0.0198881
0.0198262
0.0198565
0.0198449
0.0196743
0.0195054
0.0193562
0.0193646
0.0193581
0.019201
0.0190547
0.0189615
0.0189293
0.0190186
0.0189223
0.0187936
0.0186514
0.0185089
0.0188403
0.0187325
0.0186035
0.0185235
0.0184105
0.0182737
0.0181394
0.0180069
0.0178783
0.0178978
0.0177736
0.0177389
0.0177141
0.0176006
0.0174827
0.0175667
0.0175111
0.0176245
0.0175135
0.0175008
0.0174747
0.0173838
0.0172734
0.0171881
0.0171038
0.0170116
0.016942
0.0168367
0.0169026
0.0169506
0.0168444
0.0167755
0.0166832
0.0165814
0.016591
0.0165469
0.0165298
0.0165215
0.0164286
0.0163312
0.0164715
0.0163772
0.0162991
0.0162782
0.0161927
0.0161714
0.0160874
0.0159962
0.0160023
0.0159965
0.0159777
0.0158894
0.0158563
0.0157829
0.0157445
0.0156979
0.0156617
0.0155871
0.0155365
0.0154598
0.0153838
0.0154434
0.0153652
0.0152908
0.0152713
0.0151964
0.015138
0.0150917
0.0150372
0.0150118
0.0149424
0.0148958
0.0148369
0.0147896
0.0147199
0.0146497
0.0146418
0.0145723
0.0145027
0.0144614
0.0144565
0.014634
0.0145794
0.0145123
0.0145111
0.0144579
0.0144148
0.014374
0.0144594
0.014442
0.0143765
0.0143626
0.0142979
0.0142636
0.0142087
0.0141922
0.0141551
0.0141293
0.0140673
0.0140366
0.0139883
0.0139926
0.0139541
0.013921
0.0138835
0.0138538
0.0138048
0.0137546
0.0137546
0.0136972
0.0136406
0.0135846
0.013538
0.0134955
0.0134439
0.0133939
0.0133611
0.0133327
0.0132789
0.013228
0.0131756
0.0131353
0.0130848
0.0130519
0.0130184
0.0130105
0.012968
0.0129267
0.012922
0.0128849
0.0128531
0.0128198
0.0127911
0.0127441
0.0127067
0.01269
0.0127382
0.0127306
0.0127083
0.0126715
0.0126576
0.0126294
0.0126101
0.0125875
0.0125499
0.0125042
0.0124742
0.0124501
0.0124529
0.0124208
0.0123917
0.0124024
0.012388
0.0123677
0.0123314
0.0122965
0.0122785
0.0122397
0.0122121
0.0122149
0.0121786
0.012144
0.0121221
0.0121068
0.0120879
0.0120588
0.0120207
0.0120133
0.0119741
0.0119592
0.0119215
0.0118825
0.0118642
0.0118648
0.0118316
0.0118454
0.0118931
0.011865
0.0118367
0.0118382
0.011806
0.0117759
0.0117797
0.01184
0.011824
0.0117867
0.0118309
0.0117962
0.0117594
0.0118025
0.0118279
0.011801
0.011775
0.0117457
0.0117414
0.0117078
0.0116826
0.0116522
0.0116536
0.0116336
0.0116273
0.0116107
0.011586
0.0117501
0.0117347
0.0117142
0.011734
0.0116992
0.0116773
0.0116819
0.0116676
0.0116334
0.0116022
0.0115879
0.0115592
0.0115484
0.0115152
0.0114908
0.0114637
0.0114504
0.0114345
0.0114346
0.0114039
0.0113766
0.0113479
0.0113464
0.0113145
0.0112834
0.0112524
0.011221
0.0111928
0.0112158
0.011208
0.0111926
0.0111622
0.0111337
0.0111138
0.0110893
0.0111202
0.0110903
0.0110656
0.0110511
0.0110271
0.0110151
0.0109969
0.0109847
0.0109555
0.0109264
0.0109017
0.0109554
0.0109276
0.0109672
0.0109397
0.0109131
0.0109007
0.0109479
0.0109313
0.0109082
0.0109288
0.0109084
0.0108923
0.0109321
0.0109071
0.010885
0.0108809
0.0108725
0.0108466
0.0108193
0.0108375
0.0108114
0.0108139
0.0107921
0.0108027
0.010789
0.0107643
0.0107378
0.010715
0.0107004
0.0106743
0.010649
0.0106335
0.0106091
0.0105872
0.0105846
0.0105605
0.0105374
0.0105158
0.0104976
0.0104745
0.0105442
0.0105735
0.0105484
0.0105255
0.010501
0.0104801
0.0104842
0.0104598
0.0104406
0.0104288
0.0104048
0.0104028
0.0103796
0.0104935
0.0104763
0.0104862
0.0104689
0.0104459
0.0104222
0.0104235
0.0104049
0.0103818
0.0103812
0.0103743
0.0103578
0.0103347
0.010338
0.0103726
0.0103533
0.0103386
0.010319
0.0102971
0.0102745
0.0102534
0.0102308
0.0102235
0.0102029
0.0101854
0.0101641
0.0101582
0.010136
0.0101141
0.0100923
0.0100735
0.0100529
0.0100314
0.0100215
0.0100064
0.0100021
0.00998257
0.00998103
0.00997419
0.00996154
0.00995097
0.00994099
0.0099237
0.00993095
0.00991802
0.00989771
0.00989784
0.00988259
0.00993995
0.00993482
0.00991493
0.00989816
0.00991187
0.0098926
0.00991001
0.00990665
0.00988866
0.00987727
0.00986051
0.00985182
0.00985032
0.00987506
0.00986643
0.00985244
0.00984914
0.0098408
0.00982331
0.00982194
0.00980697
