0
0.0455692
0.0412159
0.0307182
0.0359285
0.0294143
0.0816896
0.0765893
0.0713524
0.0792272
0.0807408
0.0745246
0.0685544
0.0782874
0.0746107
0.0698139
0.067524
0.0640613
0.0611858
0.0582563
0.0560522
0.0547687
0.0533713
0.0526881
0.0524577
0.0507762
0.0489321
0.0481177
0.0470431
0.0460133
0.0451903
0.0441009
0.0442706
0.0429531
0.0421521
0.0410525
0.0405593
0.03966
0.0387159
0.0377411
0.0369228
0.0370154
0.0361585
0.0353335
0.0345544
0.0338128
0.0330862
0.0324165
0.0318866
0.0313278
0.0307074
0.0301118
0.0295408
0.0290612
0.0285395
0.0281783
0.0277054
0.0272561
0.0268314
0.0266872
0.0262877
0.0258808
0.0259534
0.0255937
0.0252008
0.0257693
0.0254771
0.025125
0.0248346
0.0246781
0.0244163
0.0241497
0.0238433
0.0235433
0.0232276
0.0230836
0.0228135
0.0226267
0.0227727
0.0234259
0.0231669
0.0233324
0.0232216
0.0230164
0.0229683
0.0236935
0.0234334
0.0234434
0.0234609
0.0232113
0.0229595
0.0228602
0.0230001
0.0227575
0.0226015
0.0223648
0.0221468
0.0220807
0.0221271
0.0220041
0.021856
0.0217308
0.0218789
0.0216867
0.0215374
0.0213341
0.0211363
0.0209739
0.0208204
0.0206302
0.0206573
0.02049
0.0203301
0.020151
0.0200031
0.0198496
0.0196952
0.0195281
0.0194582
0.0193105
0.0193323
0.0192848
0.0191725
0.019135
0.0191636
0.0192838
0.0191336
0.0190013
0.0188747
0.018753
0.0186302
0.0185123
0.0186881
0.0186511
0.0186715
0.0185507
0.0184429
0.0183106
0.018224
0.0182083
0.0184551
0.0183289
0.018228
0.0183096
0.0182372
0.0182855
0.0181689
0.0180472
0.0180178
0.0180274
0.0179112
0.0177931
0.0177064
0.0175992
0.0179342
0.017829
0.0178207
0.0177378
0.017629
0.0175248
0.0174184
0.0173168
0.0173183
0.0174471
0.0174115
0.0174316
0.017428
0.0173498
0.0172854
0.0172004
0.0174439
0.0173649
0.0172649
0.0171688
0.0171084
0.0170606
0.0169949
0.0169141
0.0168722
0.0167817
0.0168673
0.0168858
0.0168492
0.0167805
0.0166916
0.0166324
0.0165439
0.0165021
0.0164197
0.0165915
0.0165065
0.0164223
0.0163486
0.0166108
0.0166467
0.016577
0.016532
0.0164754
0.0164013
0.0163305
0.016344
0.0163
0.0163051
0.0162251
0.01615
0.0160715
0.0160417
0.0159808
0.0160434
0.0160206
0.0159486
0.0159083
0.0158585
0.0158066
0.0157506
0.0157183
0.0156583
0.0156191
0.0155818
0.0155111
0.0155142
0.0154497
0.0156144
0.0155701
0.015506
0.0154393
0.0153929
0.0153289
0.0153116
0.0152449
0.0152005
0.0151471
0.0151231
0.0150597
0.015034
0.014971
0.0149185
0.014857
0.0148182
0.0147588
0.0146978
0.0146501
0.0145983
0.0145476
0.0145769
0.0145205
0.0144726
0.0144231
0.014367
0.0143114
0.0142629
0.0143065
0.0143117
0.0142689
0.0142243
0.014203
0.0141476
0.0140962
0.0141465
0.0141554
0.0141101
0.0140666
0.0140285
0.0139764
0.0139338
0.0138943
0.0138424
0.0137988
0.0137916
0.0138982
0.0138494
0.0138167
0.0137785
0.0137593
0.0137096
0.0137677
0.0137237
0.0136743
0.0136254
0.0135843
0.0135943
0.0135615
0.0135179
0.0134855
0.0134567
0.0134858
0.0134467
0.0134023
0.0133617
0.0133155
0.013291
0.0132468
0.0132192
0.0131814
0.0131416
0.013104
0.013183
0.0131389
0.0130961
0.0130803
0.013062
0.0130262
0.0130181
0.0129887
0.0130115
0.0129695
0.0129278
0.012895
0.012863
0.012822
0.0128029
0.0127625
0.0127274
0.0126868
0.0126471
0.0126152
0.0125894
0.0125568
0.0125176
0.0124789
0.0124939
0.0124839
0.0124905
0.0125246
0.0125062
0.0124747
0.0124435
0.0124056
0.0123731
0.0123708
0.0123367
0.012324
0.0123441
0.0123462
0.0123106
0.0122753
0.0122424
0.012222
0.012193
0.0121615
0.0121324
0.012108
0.0120954
0.0120867
0.0120518
0.012017
0.0119973
0.0119638
0.0119693
0.0119481
0.0119226
0.0118941
0.0118748
0.011845
0.0118219
0.0118007
0.0117919
0.0117598
0.0117479
0.0117167
0.0117215
0.011692
0.0116618
0.0116964
0.0116679
0.0116674
0.0116789
0.0117038
0.0116743
0.0116732
0.0116417
0.0116331
0.0116025
0.0116011
0.0115744
0.0115547
0.0115264
0.0114974
0.0114793
0.0115099
0.0115214
0.0114981
0.0114708
0.0114889
0.0114847
0.0114714
0.0114441
0.0114711
0.0114496
0.0114231
0.0114067
0.0113787
0.0113499
0.0113268
0.0112983
0.0113612
0.0113403
0.011313
0.0112849
0.0112893
0.0112827
0.0113134
0.0112958
0.0112769
0.0112496
0.0112894
0.0112639
0.0112449
0.0112198
0.0112084
0.0112662
0.0112693
0.0112426
0.011217
0.0112152
0.0111989
0.0112992
0.0112888
0.0112713
0.0112562
0.0112294
0.0112043
0.0112049
0.0111895
0.0111858
0.0112647
0.0112446
0.0112228
0.011206
0.0111889
0.0111671
0.011153
0.0111273
0.0111072
0.0110982
0.0110736
0.0110574
0.0110357
0.0110225
0.0110177
0.0109933
0.01098
0.0109695
0.0109591
0.0109348
0.0109108
0.0108996
0.0108757
0.0108784
0.0108686
0.0108468
0.0108358
0.0108521
0.010841
0.0108568
0.0108393
0.0108261
0.0108028
0.0107807
0.0107613
0.0107386
0.0107156
0.0107103
0.0107191
0.010696
0.0106972
0.0106958
0.0106743
0.0106859
0.0106633
0.0106527
0.0106494
0.0106271
0.0106288
0.010607
0.0105849
0.0105871
0.0105731
0.0105594
0.0105401
0.0105196
0.0105073
0.0104882
0.0104703
0.0104489
0.01043
0.010411
0.0103998
0.0103798
0.0103768
0.0103797
0.0103687
0.0103556
0.0103365
0.0103157
0.0102964
0.010276
0.0102597
0.0102391
0.0102206
