5.03464
4.91467
4.99919
4.958
4.90674
4.89369
4.85388
4.88536
4.89001
4.89193
4.92456
4.97881
4.96241
4.96116
4.98367
5.00088
5.00031
5.00816
4.99853
5.0069
5.02191
5.01626
5.01582
5.03171
5.03051
5.02803
5.03123
5.01685
5.01234
5.02119
5.0221
5.0261
5.02067
5.01658
5.01627
5.02725
5.03554
5.02594
5.02292
5.02309
5.02225
5.02318
5.02235
5.0203
5.01844
5.02425
5.02343
5.02698
5.01914
5.0121
5.00778
5.00639
5.01033
5.01506
5.01239
5.00798
5.01142
5.00582
5.00633
5.0038
5.00572
5.00704
5.00993
5.00373
5.00479
5.0069
5.00458
5.00326
5.00193
4.99879
4.99543
4.99836
4.99627
4.99738
4.99633
4.99968
5.00014
4.99752
4.99846
5.00099
4.99841
4.99689
4.99912
4.99925
4.99616
4.99489
4.99574
4.99345
4.99216
4.9933
4.99712
4.99754
4.99729
5.00205
5.00683
5.00919
5.00931
5.01096
5.01222
5.00923
5.0074
5.00684
5.01101
5.01361
5.01158
5.01044
5.01198
5.01208
5.01102
5.00871
5.00647
5.00503
5.00716
5.00431
5.00178
5.00157
5.00153
5.00072
5.0033
5.00085
5.00122
5.00189
5.00035
4.99821
4.99519
4.99374
4.99286
4.9933
4.99299
4.99719
4.99836
4.99765
4.99914
5.00011
5.00004
4.9999
4.99978
5.00007
4.99777
4.99739
4.99558
4.9937
4.99308
4.99349
4.99081
4.99232
4.99518
4.99572
4.99764
4.99586
4.99492
4.99454
4.99356
4.99453
4.99374
4.99258
4.99226
4.99468
4.99239
4.99233
4.99343
4.99405
4.99388
4.9958
4.99443
4.99608
4.99435
4.99392
4.99386
4.99108
4.99136
4.9906
4.98906
4.98957
4.99109
4.99058
4.99058
4.99234
4.9907
4.9922
4.99212
4.99343
4.99278
4.994
4.9929
4.99413
4.99359
4.99258
4.99216
4.99258
4.99466
4.99493
4.99453
4.99587
4.9962
4.99697
4.99601
4.9952
4.99397
4.99355
4.99264
4.9933
4.99418
4.99388
4.99366
4.9923
4.9925
4.99237
4.99146
4.99282
4.9955
4.99484
4.99505
4.99366
4.99301
4.99384
4.99298
4.9909
4.98971
4.9898
4.99101
4.99094
4.99002
4.98951
4.99066
4.99152
4.99254
4.99257
4.9935
4.9929
4.99155
4.99234
4.9932
4.99242
4.99152
4.99204
4.99156
4.9903
4.99021
4.99033
4.99047
4.98996
4.99056
4.99088
4.99124
4.99048
4.99131
4.9913
4.99156
4.99168
4.99225
4.99247
4.99317
4.99385
4.99279
4.99232
4.99183
4.99075
4.99017
4.9895
4.98886
4.98814
4.98793
4.98846
4.98756
4.98913
4.99014
4.99094
4.99042
4.98951
4.99019
4.98936
4.98859
4.98905
4.98907
4.98969
4.98896
4.99005
4.98949
4.98888
4.99004
4.9909
4.99166
4.99209
4.99163
4.99085
4.99116
4.99177
4.99282
4.9932
4.99278
4.99209
4.99129
4.99056
4.99109
4.99135
4.99046
4.99028
4.98951
4.98928
4.98915
4.98845
4.98942
4.98905
4.99016
4.99159
4.99109
4.99158
4.99256
4.99293
4.9925
4.99151
4.99303
4.99231
4.9924
4.99379
4.99404
4.99395
4.99532
4.99654
4.99605
4.99655
4.99614
4.99701
4.99676
4.99727
4.99691
4.99784
4.99844
4.99926
4.99992
4.99943
5.00158
5.0009
5.00149
5.00262
5.00263
5.00208
5.00113
5.00044
5.00046
5.0002
4.99953
4.99918
4.99991
4.99985
4.99939
4.99976
4.99909
4.99847
4.99934
4.99954
4.9992
4.99948
5.00031
5.00029
5.00041
5.00031
5.0003
5.00004
5.00114
5.00186
5.00127
5.00117
5.00095
5.00047
5.00011
5.00127
5.00135
5.0017
5.00111
5.00076
5.00014
4.99964
5.00025
5.00023
5.0002
4.9999
4.99855
4.9987
4.99992
5.00009
4.99988
4.99929
4.99801
4.99852
4.99885
4.99988
5.00029
4.99978
5.001
5.00074
5.00109
5.00181
5.00116
5.00135
5.00138
5.00237
5.00252
5.00172
5.00139
5.00229
5.00176
5.00197
5.00192
5.0022
5.0027
5.00264
5.00251
5.00298
5.00316
5.00345
5.00275
5.00257
5.00279
5.00307
5.00346
5.00325
5.00466
5.00359
5.00354
5.00375
5.00366
5.00337
5.0026
5.00252
5.00285
5.00336
5.00327
5.00395
5.00382
5.00551
5.00513
5.00428
5.00466
5.00451
5.00444
5.00516
5.00484
5.00494
5.00563
5.00622
5.0066
5.00667
5.00593
5.00703
5.00731
5.0069
5.00663
5.00678
5.00685
5.00704
5.00706
5.0065
5.0067
5.00638
5.00652
5.0071
5.00708
5.00703
5.00708
5.00733
5.00749
5.00755
5.00803
5.00839
5.0078
5.00761
5.00698
5.00645
5.00603
5.00649
5.00696
5.00669
5.00594
5.00634
5.00624
5.0056
5.00527
5.00403
5.00347
5.00335
5.00308
5.0039
5.00375
5.00288
5.00346
5.00325
5.00283
5.00257
5.00304
5.00365
5.00271
5.00223
5.00258
5.00201
5.00153
5.00132
5.00072
5.00102
