0
0.133809
0.101574
0.0811253
0.0630893
0.0533414
0.053259
0.0477581
0.0422129
0.0381914
0.0346194
0.0316126
0.029275
0.0271086
0.0276
0.0258578
0.0242971
0.0229332
0.0217584
0.0215279
0.0208606
0.0200818
0.0196275
0.0195343
0.0193496
0.0188187
0.0181243
0.018308
0.0182429
0.0176421
0.0171526
0.0170984
0.0165962
0.0167375
0.0162643
0.0159284
0.0157616
0.015518
0.0151151
0.0150173
0.0146586
0.0143349
0.014054
0.0137944
0.0138224
0.013592
0.0133545
0.0131104
0.0135941
0.0134512
0.0132287
0.0129829
0.0128602
0.0127931
0.0125677
0.0123415
0.0128071
0.0126244
0.0124086
0.0122228
0.0120229
0.0118422
0.0118146
0.011899
0.0118018
0.011622
0.0115178
0.0116084
0.011459
0.0113979
0.0112433
0.0111481
0.0110925
0.0109784
0.0108555
0.0107366
0.0107372
0.010716
0.0106931
0.0105622
0.0104794
0.0103613
0.0102366
0.0101586
0.0100612
0.00998421
0.00986939
0.00986001
0.00983952
0.00973641
0.00963424
0.00958668
0.00948595
0.00942557
0.00932741
0.00927434
0.00922337
0.00912877
0.00904962
0.00901688
0.00896116
0.00889609
0.00881725
0.00873331
0.00864979
0.00856853
0.00848905
0.00841949
0.00838112
0.00830736
0.00828499
0.00822622
0.00815652
0.00808993
0.00806031
0.00799066
0.00792266
0.00790245
0.00783612
0.00781147
0.00777216
0.00770876
0.00766564
0.00761775
0.00760361
0.00754616
0.00754016
0.00751124
0.00751095
0.00760365
0.00758845
0.00753521
0.00747912
0.0074238
0.00737835
0.00732736
0.00729209
0.00730683
0.00733048
0.00728055
0.00725449
0.00720569
0.00721823
0.00718354
0.00714122
0.00712931
0.00718216
0.0071353
0.00709886
0.0070515
0.00704996
0.00700828
0.00697116
0.00697888
0.00693918
0.00692676
0.00688292
0.0068597
0.00681663
0.00677645
0.00674147
0.00669996
0.00666393
0.00672474
0.00668641
0.00664995
0.00661017
0.00657244
0.00654106
0.00655715
0.00658913
0.00655114
0.0065745
0.0065536
0.00660811
0.00657447
0.0065493
0.00652506
0.00649541
0.00646289
0.00642808
0.0064034
0.00637079
0.00634191
0.00631177
0.00633391
0.00631788
0.00635529
0.00632172
0.00629674
0.00626504
0.00631056
0.00628546
0.00625524
0.00622337
0.0061917
0.00617115
0.0061531
0.00614139
0.00611437
0.00608609
0.00606268
0.00603275
0.00600778
0.00597862
0.00596361
0.00593995
0.00591134
0.00588857
0.00590489
0.00588853
0.00587355
0.00584656
0.00582739
0.00582165
0.00586396
0.00586417
0.00590639
0.00590989
0.00588357
0.00585824
0.0058403
0.00581416
0.00580052
0.00588931
0.00586432
0.00586212
0.00588334
0.00589256
0.00586804
0.00584411
0.00582148
0.00580637
0.00579006
0.0057721
0.00575312
0.00573007
0.00571963
0.0056965
0.00567294
0.00565095
0.00562876
0.00560623
0.00558357
0.00556073
0.00554004
0.00553325
0.00551974
0.00551217
0.0055099
0.00548934
0.00546944
0.00544779
0.0054273
0.00540628
0.00538836
0.00536763
0.00534821
0.00532826
0.00531912
0.00529982
0.00530519
0.00528793
0.00528378
0.00526566
0.00525622
0.00525234
0.00528018
0.00527111
0.00526899
0.00525091
0.00523392
0.00521481
0.00521064
0.00519495
0.00519156
0.00517329
0.00515466
0.00515414
0.00514778
0.00516793
0.00515357
0.00516073
0.00514261
0.00513228
0.00518695
0.00516916
0.00515219
0.00514177
0.00512756
0.0051252
0.00511208
0.00512137
0.00511294
0.00512055
0.00510322
0.00508628
0.00506954
0.00506065
0.00504375
0.00502964
0.00501357
0.00499734
0.00498087
0.00496566
0.00500036
0.00500347
0.00499143
0.00498962
0.00497378
0.00499552
0.00501899
0.00500951
0.00499389
0.00498374
0.0050274
0.0050121
0.00499815
0.00498551
0.00497077
0.00497442
0.00495901
0.00495561
0.00494096
0.00492586
0.00491236
0.00489805
0.00489112
0.00487634
0.00486534
0.00486855
0.00488292
0.00491661
0.00490982
0.00489858
0.00489835
0.00488746
0.00487309
0.00490055
0.0048888
0.00487994
0.00486566
0.00485188
0.00487339
0.00486032
0.00484721
0.00484734
0.0048335
0.00481963
0.00481008
0.00480088
0.00478724
0.0047854
0.00478027
0.0047816
0.00476825
0.00475497
0.00475765
0.00474546
0.00476051
0.004755
0.00474192
0.00472887
0.00472921
0.00472461
0.00471606
0.00470639
0.00470252
0.00469034
0.00468034
0.00468419
0.00467167
0.00466049
0.00464818
0.00464269
0.00463233
0.00462086
0.00461817
0.00463519
0.00462373
0.00461164
0.00459971
0.00460569
0.00459379
0.00459394
0.00466643
0.00466303
0.00466491
0.00465609
0.00464482
0.00464791
0.00463996
0.00463059
0.00461883
0.00461469
0.00460359
0.0045932
0.00459014
0.00458413
0.00457333
0.00456205
0.00455277
0.00454303
0.00454599
0.00453588
0.00452671
0.00451646
0.00450818
0.00449742
0.00448881
0.00448337
0.00447706
0.00446621
0.00447216
0.00446781
0.00445842
0.00444849
0.00444257
0.00443942
0.00445036
0.00444064
0.00443773
0.0044389
0.00442896
0.00442179
0.00441141
0.00440299
0.00439334
0.00438318
0.00438214
0.00437348
0.00441589
0.00440897
0.00439943
0.00438992
0.00437986
0.00437442
0.00436442
0.00435847
0.00434999
0.00434014
0.00433248
0.00432845
0.0043209
0.00431694
0.00430846
0.00430231
0.00429332
0.00428452
0.00427542
0.0042664
0.00425707
0.00425429
0.00424892
0.00423998
0.00423069
0.00422325
0.00421408
0.00420542
0.00420041
0.00419303
0.00418784
0.00418006
0.00418676
0.00417776
0.00416879
0.00416198
0.00415459
0.00414844
0.00414221
0.00414045
0.00413178
0.00414028
0.00413239
0.00412529
0.00412544
0.00412123
0.00411477
0.00411294
0.0041123
0.0041134
0.00410485
0.0041017
0.0041074
0.00409908
0.00409113
0.00411635
0.00411096
0.00410399
0.00410125
0.00409301
0.0040869
0.00408499
0.00408001
0.00407205
0.00406659
0.00406496
0.00405891
0.00405175
0.00404467
