1.77628
1.64247
1.57652
1.53881
1.5332
1.51935
1.49099
1.50338
1.5062
1.50045
1.49819
1.49741
1.49403
1.49456
1.50573
1.50429
1.50491
1.50383
1.50214
1.50825
1.51223
1.50946
1.51359
1.51892
1.52375
1.52083
1.52159
1.5161
1.51155
1.51234
1.5106
1.50653
1.50564
1.50106
1.50044
1.49847
1.50137
1.49904
1.49912
1.49621
1.49561
1.49653
1.49527
1.4966
1.49963
1.50104
1.50225
1.50324
1.49877
1.4969
1.49582
1.49635
1.49814
1.50024
1.49975
1.49983
1.50396
1.50497
1.50495
1.50421
1.50444
1.50503
1.50698
1.50446
1.50589
1.50578
1.50706
1.50461
1.50529
1.50375
1.50335
1.50453
1.50306
1.50216
1.50143
1.50216
1.50389
1.50231
1.50387
1.50359
1.50258
1.50212
1.50225
1.5032
1.50253
1.50163
1.50174
1.50031
1.49898
1.49861
1.49829
1.49724
1.49747
1.49835
1.49818
1.49909
1.49818
1.49818
1.49769
1.49667
1.49589
1.49653
1.4969
1.49676
1.49672
1.49661
1.49648
1.49608
1.49527
1.49506
1.49413
1.49362
1.49338
1.49309
1.4939
1.49386
1.49376
1.4929
1.49282
1.49202
1.49265
1.49275
1.4922
1.49266
1.4935
1.49372
1.49462
1.49395
1.49301
1.49452
1.49533
1.49507
1.49496
1.49486
1.49448
1.4947
1.49522
1.49622
1.49516
1.49536
1.49474
1.49456
1.49551
1.49598
1.49566
1.49638
1.49759
1.49743
1.49783
1.49787
1.49707
1.49681
1.49646
1.4956
1.49588
1.49521
1.49529
1.49582
1.49587
1.49606
1.49574
1.49569
1.49595
1.49712
1.49693
1.49716
1.49711
1.49727
1.49695
1.4961
1.49514
1.49507
1.49417
1.49464
1.49574
1.49597
1.49558
1.49598
1.49628
1.4965
1.49661
1.49698
1.49681
1.49653
1.4963
1.49714
1.49667
1.49572
1.49576
1.49544
1.49557
1.49458
1.49427
1.49443
1.49437
1.49442
1.49479
1.49438
1.4939
1.49411
1.49395
1.49423
1.49424
1.49448
1.49443
1.49402
1.49377
1.49378
1.49352
1.49425
1.49462
1.49501
1.49492
1.49523
1.49473
1.49563
1.49506
1.49416
1.49356
1.49348
1.4936
1.49392
1.49395
1.49433
1.49549
1.4956
1.49508
1.49582
1.49646
1.49635
1.49648
1.49665
1.49699
1.49668
1.4964
1.49615
1.49603
1.49563
1.49553
1.49558
1.49545
1.49556
1.49565
1.49559
1.49559
1.49574
1.49616
1.49584
1.49624
1.49578
1.4959
1.49576
1.49577
1.49587
1.49593
1.49574
1.49569
1.49556
1.49565
1.4953
1.49541
1.49489
1.49472
1.49513
1.49499
1.49532
1.49572
1.49643
1.4961
1.49567
1.49555
1.49539
1.49536
1.49575
1.49557
1.49597
1.49589
1.49591
1.49548
1.49512
1.49575
1.49596
1.49647
1.4965
1.49678
1.49591
1.49586
1.49596
1.49624
1.49605
1.49565
1.49544
1.49491
1.49461
1.49511
1.49512
1.49506
1.49512
1.49484
1.49484
1.495
1.49508
1.49514
1.49514
1.49503
1.49575
1.49619
1.49598
1.49636
1.49641
1.4958
1.49517
1.49543
1.49549
1.49525
1.49602
1.4961
1.49623
1.49641
1.49631
1.49588
1.49585
1.49551
1.49559
1.49555
1.49543
1.49534
1.49562
1.49559
1.49578
1.4962
1.49673
1.49742
1.49714
1.49696
1.49733
1.49752
1.49755
1.49691
1.49675
1.49698
1.49699
1.49706
1.49647
1.49637
1.49646
1.49683
1.49687
1.49686
1.49706
1.49686
1.49687
1.49653
1.49682
1.49719
1.49722
1.49719
1.49758
1.49748
1.49696
1.49723
1.49726
1.49728
1.49763
1.49735
1.49715
1.49732
1.49761
1.49754
1.4977
1.49731
1.49733
1.49722
1.49718
1.49743
1.49757
1.49748
1.49719
1.49667
1.49658
1.49656
1.49652
1.49611
1.49608
1.49575
1.49663
1.49692
1.49728
1.4971
1.49702
1.4974
1.49759
1.49744
1.49745
1.49718
1.49711
1.49701
1.49728
1.49751
1.49759
1.49762
1.49776
1.49788
1.49824
1.49834
1.49848
1.49839
1.49855
1.4985
1.49864
1.49842
1.49862
1.49861
1.499
1.49924
1.49935
1.49927
1.49906
1.49932
1.49888
1.49879
1.49853
1.49886
1.49879
1.49862
1.49861
1.49874
1.49881
1.49878
1.49907
1.49895
1.49963
1.49946
1.49953
1.49961
1.4996
1.49939
1.49939
1.49958
1.49969
1.49968
1.49954
1.49976
1.49963
1.4994
1.49951
1.49968
1.49975
1.49983
1.49977
1.49984
1.49987
1.49963
1.49945
1.49951
1.49952
1.49964
1.49966
1.4996
1.49978
1.49966
1.49984
1.49974
1.5001
1.50011
1.5001
1.49997
1.50008
1.49993
1.49979
1.49954
1.49951
1.49989
1.49981
1.49969
1.49942
1.49923
1.4991
1.49886
1.49861
1.49832
1.49832
1.49811
1.49846
1.49849
1.49843
1.49895
1.49911
1.499
1.49922
1.49919
1.49932
1.49909
1.49893
1.49898
1.49883
1.49906
1.49919
1.49928
1.49919
