0
0.0948868
0.0623423
0.0440974
0.0433076
0.0373627
0.0388515
0.0415632
0.0371594
0.0342137
0.035028
0.0321338
0.0297407
0.0275409
0.0261178
0.0245898
0.0241954
0.0232344
0.0220598
0.0220915
0.0212605
0.0204194
0.0213107
0.0206677
0.0200786
0.0196409
0.0189292
0.0182425
0.0177273
0.0176564
0.0171943
0.016931
0.0165408
0.0160479
0.0160916
0.0156981
0.0153115
0.0158798
0.0157694
0.0154253
0.0155783
0.0152101
0.0148842
0.0145437
0.014225
0.0139672
0.013667
0.0134367
0.0137704
0.0135211
0.0132726
0.0133106
0.0133081
0.0130597
0.0128666
0.0126359
0.0126237
0.0124155
0.0122658
0.012192
0.0119908
0.0120593
0.0118664
0.0117075
0.0115663
0.0115714
0.0113998
0.011271
0.0111117
0.0111492
0.0110822
0.0109663
0.0108262
0.0106943
0.010587
0.0104511
0.0103218
0.0101952
0.0100965
0.0100227
0.00993104
0.00986273
0.00982814
0.00972967
0.00976432
0.0098106
0.00974657
0.00964218
0.00961181
0.00955381
0.00948453
0.00939432
0.00929427
0.00934404
0.0094319
0.00937537
0.00930644
0.00924441
0.00922541
0.00933473
0.00926571
0.00917451
0.00916373
0.00909048
0.00904692
0.00896263
0.0091384
0.0090689
0.00902326
0.00900753
0.00895318
0.00892053
0.00886856
0.00884845
0.00878032
0.00870828
0.00864429
0.00861867
0.00868771
0.00862049
0.0085954
0.00853484
0.0084985
0.00846467
0.00840885
0.00843034
0.00836386
0.00831842
0.00829662
0.00824031
0.00819866
0.00813632
0.00811232
0.00816057
0.0081023
0.00808057
0.008073
0.00801614
0.00798046
0.00797809
0.00794944
0.00789429
0.00785683
0.00791935
0.00786485
0.00784661
0.00779311
0.00774101
0.00769869
0.00765222
0.00762919
0.0075795
0.00754418
0.00755471
0.00754271
0.00749422
0.0074695
0.00749056
0.00745325
0.00740707
0.00736384
0.00731948
0.00728518
0.00728996
0.00728598
0.00724981
0.00728167
0.00724138
0.0072089
0.00719058
0.00719221
0.00716001
0.0071524
0.00713652
0.00718745
0.00715759
0.0071251
0.00708498
0.0070453
0.00701684
0.00705774
0.00706004
0.00702534
0.00698995
0.00695211
0.00692952
0.00689263
0.00688913
0.0068541
0.00688233
0.00684904
0.00681431
0.00678012
0.00678112
0.00674645
0.00671949
0.00668529
0.00668266
0.00670507
0.00667285
0.00666314
0.00663506
0.00662955
0.00659832
0.00656606
0.00653812
0.0065201
0.00650193
0.006476
0.00644546
0.00641839
0.00638965
0.00639457
0.00638789
0.00636441
0.00633625
0.0063077
0.00628547
0.00626946
0.00629675
0.00627088
0.00624257
0.00624981
0.00622238
0.00619627
0.00617908
0.0061535
0.00613501
0.00611079
0.00608659
0.00606053
0.00603719
0.00602817
0.00601406
0.00598851
0.00596429
0.0059799
0.00595487
0.00593013
0.00590764
0.00589675
0.00587252
0.00584854
0.00582548
0.00583595
0.0058133
0.00579009
0.00578314
0.00576269
0.005741
0.00572232
0.00570398
0.00568247
0.00566137
0.00564049
0.00563226
0.00562246
0.00560405
0.00558252
0.0055753
0.0055539
0.00553525
0.00551738
0.00549668
0.00547779
0.00546343
0.00544306
0.00542458
0.00542083
0.00541129
0.00539564
0.00539992
0.00538013
0.00537217
0.00535744
0.00535562
0.00534216
0.0053241
0.00530508
0.00529124
0.00528785
0.00527762
0.00526404
0.00524548
0.00524392
0.00527176
0.00525505
0.00523914
0.00522323
0.00520602
0.00519938
0.00518201
0.00518705
0.0051742
0.00515989
0.00520124
0.00518397
0.00516661
0.00515016
0.0051586
0.00514147
0.00513141
0.00512213
0.00512017
0.00511045
0.00509392
0.00507747
0.00507919
0.0050632
0.00504698
0.00503157
0.00504657
0.00503088
0.00501667
0.00500145
0.00498563
0.00497338
0.00496607
0.00495048
0.0049427
0.00492828
0.00491295
0.00489942
0.00492791
0.0049175
0.0049024
0.00488738
0.00490798
0.00489317
0.00490067
0.00488777
0.00487885
0.00487607
0.00487349
0.00486025
0.00484941
0.004837
0.00482336
0.00481183
0.00479831
0.00479019
0.00477644
0.00476374
0.00476028
0.00475112
0.00474365
0.00473457
0.00472171
0.00471545
0.00470493
0.00469657
0.00469652
0.00469066
0.00467807
0.00467079
0.0046616
0.00464937
0.00463724
0.00464205
0.00463076
0.00462412
0.00461134
0.00459985
0.00458887
0.00457646
0.00456423
0.00455312
0.00459238
0.00457996
0.00457384
0.0045618
0.00454958
0.00454214
0.00453497
0.0045258
0.00452728
0.00451597
0.00450982
0.00450325
0.00450558
0.00450212
0.00449637
0.00449051
0.00447917
0.0044763
0.00446784
0.00446099
0.00445392
0.00444252
0.00443651
0.00442576
0.00441445
0.00440337
0.00439218
0.0043837
0.00439366
0.00440309
0.00439301
0.00439117
0.00439781
0.00439677
0.00440416
0.0044091
0.00440612
0.00439547
0.00441047
0.00440142
0.00439749
0.00439774
0.0043878
0.00437823
0.00437333
0.00436474
0.00435631
0.00434599
0.00433559
0.00434578
0.00434473
0.00433475
0.00432519
0.00431673
0.00431587
0.00432054
0.00431537
0.00431329
0.00430492
0.00429522
0.00428524
0.00427822
0.00427295
0.00426331
0.00425464
0.00424632
0.00423788
0.0042587
0.00425126
0.00424901
0.00424208
0.00423938
0.00423034
0.0042308
0.00422133
0.00421346
0.00421236
0.00420296
0.00419777
0.00418857
0.00417925
0.00417168
0.00416272
0.0041535
0.00414477
0.00414423
0.00414006
0.00413192
0.00412453
0.00411654
0.00410755
0.00410018
0.00409921
0.00409059
0.0040829
0.00407476
0.00411711
0.00410834
0.00412007
0.0041207
0.00411251
0.00410505
0.00409649
0.00409606
0.0040875
0.00407889
0.00407073
0.00406222
0.00405369
0.00404559
0.00403924
0.00403391
0.00402567
0.0040224
0.00402733
0.004019
0.00403137
0.00402971
0.00403695
0.00403011
0.00402356
0.00401579
0.00402255
0.00401625
0.00401263
0.00401574
0.00401136
0.00400468
0.00399916
0.00399867
0.00399176
0.00398408
0.00397687
