5.15913
5.2047
5.17298
5.18268
5.15576
5.15361
5.0758
5.04645
5.06945
5.0225
5.0597
5.04868
5.04917
5.09501
5.07904
5.07729
5.06119
5.05405
5.06253
5.05758
5.06603
5.078
5.08847
5.07563
5.06157
5.05539
5.05273
5.04314
5.05072
5.05791
5.05006
5.04455
5.03303
5.03242
5.02631
5.029
5.02187
5.02567
5.02825
5.02761
5.0305
5.02203
5.02304
5.02371
5.02269
5.02159
5.02138
5.02006
5.01709
5.0194
5.01934
5.01914
5.01953
5.02158
5.02077
5.01784
5.01664
5.01531
5.01679
5.02083
5.01935
5.01832
5.01331
5.0149
5.01445
5.00751
5.0053
5.00418
5.00223
4.99909
5.00116
4.99926
5.00039
5.00146
5.00134
4.99859
4.99979
4.99759
4.99316
4.99973
4.99851
4.99396
4.99113
4.9893
4.9861
4.99289
4.99209
4.98849
4.98486
4.98563
4.98609
4.98346
4.97926
4.97887
4.98082
4.98081
4.98159
4.98425
4.9877
4.98561
4.98737
4.98539
4.98935
4.99026
4.98867
4.98848
4.98815
4.98935
4.99064
4.99061
4.98764
4.98678
4.98583
4.98584
4.9869
4.98778
4.98858
4.98844
4.99036
4.99112
4.98847
4.9864
4.98771
4.9856
4.98823
4.99147
4.99176
4.99258
4.99168
4.99263
4.99352
4.99445
4.99103
4.99299
4.99542
4.99463
4.99361
4.99387
4.99516
4.9972
5.00091
5.0013
5.0003
5.00305
5.00446
5.00697
5.00752
5.00775
5.00593
5.00809
5.00845
5.0085
5.00953
5.009
5.01299
5.01239
5.01432
5.01536
5.01502
5.01549
5.0158
5.01534
5.01727
5.02012
5.01855
5.02064
5.01877
5.01782
5.01897
5.01974
5.01629
5.0154
5.01556
5.01522
5.01636
5.01506
5.01403
5.01474
5.01341
5.01375
5.0162
5.01426
5.01563
5.01475
5.01449
5.01348
5.01334
5.01458
5.01499
5.01207
5.01233
5.01208
5.0127
5.01607
5.01808
5.01736
5.01622
5.01528
5.01474
5.01535
5.01359
5.01249
5.01416
5.01413
5.0145
5.01449
5.01325
5.01398
5.01608
5.01477
5.01441
5.01547
5.01636
5.01552
5.01477
5.01591
5.01528
5.01629
5.01526
5.01516
5.01365
5.01324
5.01593
5.01682
5.01723
5.01697
5.01779
5.01745
5.01622
5.01626
5.01545
5.01606
5.01494
5.01474
5.01366
5.01351
5.01408
5.01427
5.01344
5.01317
5.01307
5.01245
5.01195
5.01247
5.01408
5.01438
5.01381
5.0133
5.01354
5.0133
5.01379
5.0121
5.01343
5.01281
5.01338
5.01239
5.01241
5.01272
5.01444
5.01578
5.01628
5.01574
5.01508
5.01525
5.01579
5.01519
5.01526
5.01479
5.01368
5.01159
5.01186
5.01115
5.01173
5.01266
5.01255
5.01427
5.01467
5.01462
5.01455
5.01501
5.01627
5.01562
5.01527
5.01463
5.01392
5.01536
5.01489
5.01464
5.01503
5.01501
5.01426
5.01406
5.01475
5.01431
5.01467
5.01509
5.01689
5.01695
5.01677
5.01762
5.01681
5.01726
5.0163
5.0169
5.0182
5.01807
5.01796
5.01844
5.01895
5.01883
5.01958
5.01944
5.01906
5.01905
5.01892
5.01847
5.01787
5.01745
5.01739
5.01728
5.01844
5.01929
5.02035
5.019
5.01829
5.01871
5.01829
5.01832
5.01796
5.01703
5.01674
5.01752
5.01633
5.01535
5.01552
5.01571
5.01601
5.01663
5.01621
5.01588
5.01548
5.01497
5.01571
5.01651
5.01644
5.0164
5.01579
5.01564
5.01467
5.01523
5.01477
5.01441
5.01383
5.01353
5.01303
5.01357
5.01281
5.01267
5.01197
5.01178
5.01272
5.01298
5.01276
5.01151
5.0118
5.01266
5.01165
5.0105
5.01027
5.00943
5.00947
5.01019
5.01007
5.00924
5.00892
5.00842
5.00818
5.00837
5.00784
5.00666
5.00764
5.00804
5.00779
5.00884
5.00807
5.00869
5.00846
5.00959
5.00916
5.00942
5.00996
5.01012
5.01006
5.0097
5.00977
5.01121
5.01079
5.01062
5.0107
5.00984
5.00914
5.00799
5.00848
5.00802
5.00791
5.00915
5.00937
5.00982
5.01005
5.01065
5.01203
5.0112
5.01109
5.01089
5.01014
5.00965
5.00796
5.00858
5.00812
5.0076
5.00761
5.0078
5.00858
5.00808
5.00737
5.00891
5.00853
5.00821
5.00775
5.0073
5.007
5.00648
5.00653
5.00618
5.00678
5.00692
5.00647
5.00619
5.00568
5.00501
5.00489
5.00439
5.00494
5.00551
5.0056
5.00549
5.00602
5.00592
5.00669
5.00613
5.0059
5.00643
5.00737
5.00684
5.00591
5.00554
5.00602
5.00611
5.00629
5.006
5.00612
5.00618
5.0068
5.00763
5.00763
5.00691
5.00623
5.0064
5.00726
5.00719
5.00668
5.00604
5.00597
5.00526
5.00514
5.0052
5.00448
5.00407
5.00364
5.00341
5.00323
5.00368
5.00391
5.00363
5.00369
5.00393
5.0037
5.00324
5.00308
5.00369
5.0044
5.00486
5.00526
5.00506
5.00504
5.00522
5.00513
5.00543
5.00541
5.00561
