1.74729
1.6524
1.62265
1.62151
1.59488
1.58282
1.56018
1.53578
1.54188
1.53376
1.55017
1.54699
1.5437
1.54311
1.53814
1.53535
1.52814
1.52373
1.52183
1.51475
1.51798
1.52044
1.52901
1.53231
1.52912
1.52543
1.52436
1.5241
1.5262
1.5305
1.5285
1.52541
1.52334
1.52316
1.51915
1.51778
1.51662
1.52211
1.52518
1.52387
1.51983
1.5203
1.51932
1.51955
1.51906
1.51783
1.5179
1.51666
1.51261
1.51349
1.51278
1.51557
1.51814
1.51804
1.51695
1.51677
1.51447
1.51394
1.51518
1.51697
1.51707
1.51456
1.51456
1.51375
1.51278
1.51074
1.51098
1.51193
1.51159
1.5095
1.50808
1.50715
1.50666
1.50609
1.50521
1.50551
1.5059
1.50554
1.50475
1.50578
1.50658
1.50556
1.50427
1.50366
1.50195
1.50372
1.50274
1.50237
1.50115
1.50018
1.49935
1.49884
1.49901
1.49735
1.49922
1.50011
1.49938
1.50017
1.50134
1.49941
1.50007
1.50003
1.50123
1.5007
1.49982
1.49966
1.50182
1.50235
1.50318
1.50208
1.50139
1.50047
1.49977
1.49876
1.49916
1.49942
1.49985
1.49895
1.50051
1.50082
1.49992
1.50034
1.50109
1.50186
1.50141
1.50263
1.50258
1.502
1.50115
1.5008
1.5002
1.50019
1.49941
1.50074
1.50055
1.49976
1.49885
1.49868
1.49927
1.50021
1.50087
1.501
1.50047
1.50183
1.50176
1.50101
1.50098
1.50109
1.5007
1.50098
1.50163
1.50173
1.50126
1.50031
1.50106
1.50105
1.50163
1.50264
1.50226
1.50235
1.50256
1.50269
1.50309
1.50393
1.50317
1.50351
1.50246
1.50267
1.50306
1.50365
1.50286
1.50249
1.50179
1.50239
1.50354
1.50314
1.50348
1.5035
1.50351
1.5039
1.50495
1.50419
1.50443
1.50423
1.50425
1.5038
1.50374
1.50442
1.50427
1.50333
1.50353
1.50341
1.50354
1.50424
1.50429
1.50397
1.50397
1.50333
1.50246
1.5026
1.50204
1.50178
1.50238
1.50225
1.50225
1.50248
1.50206
1.50164
1.50138
1.50145
1.50166
1.50152
1.50219
1.50164
1.50136
1.50149
1.5014
1.50169
1.50209
1.50125
1.50107
1.50106
1.50173
1.50181
1.50167
1.50131
1.50117
1.50084
1.50066
1.50049
1.50043
1.50024
1.49979
1.50016
1.50013
1.50025
1.49955
1.49951
1.49956
1.49972
1.50013
1.50017
1.50022
1.50033
1.50096
1.50085
1.50078
1.50035
1.50053
1.50065
1.50087
1.5011
1.50121
1.50109
1.50121
1.50082
1.50045
1.50064
1.50069
1.50108
1.50109
1.50092
1.50073
1.50078
1.50092
1.50066
1.5007
1.50084
1.50042
1.50008
1.5003
1.49979
1.4998
1.50016
1.49993
1.50037
1.50062
1.50073
1.50076
1.50099
1.5014
1.5011
1.50133
1.50132
1.5009
1.5016
1.50173
1.50189
1.50204
1.50214
1.50179
1.50172
1.50221
1.50243
1.50262
1.5034
1.50334
1.50337
1.50346
1.50398
1.50399
1.50426
1.50398
1.50359
1.50386
1.5039
1.50386
1.50429
1.50436
1.5044
1.50449
1.50393
1.50386
1.504
1.50409
1.50407
1.50425
1.50397
1.50397
1.50369
1.50359
1.5036
1.50373
1.50307
1.50286
1.50286
1.50287
1.50228
1.50231
1.50185
1.50171
1.50147
1.50113
1.50079
1.50067
1.50086
1.501
1.50108
1.50124
1.50132
1.50109
1.50103
1.50114
1.50146
1.50125
1.50149
1.5017
1.50161
1.50135
1.50152
1.50174
1.50138
1.50112
1.5012
1.50096
1.50077
1.50068
1.50059
1.50019
1.50007
1.50031
1.5003
1.50019
1.50007
1.50003
1.50008
1.49997
1.49928
1.4993
1.49906
1.49901
1.49899
1.49878
1.49857
1.4984
1.49805
1.49797
1.4982
1.49798
1.49762
1.4979
1.49766
1.49789
1.49795
1.49767
1.49784
1.49764
1.49783
1.49786
1.49808
1.498
1.498
1.49804
1.49804
1.49788
1.49831
1.49789
1.49798
1.49827
1.49787
1.49758
1.49718
1.49755
1.49729
1.49724
1.49772
1.49759
1.49784
1.49753
1.49761
1.49771
1.49748
1.49735
1.49722
1.49726
1.49723
1.49681
1.4971
1.49715
1.49724
1.49736
1.49765
1.498
1.4978
1.49753
1.49766
1.4976
1.49762
1.49746
1.49726
1.49721
1.49711
1.497
1.49689
1.4974
1.49726
1.49701
1.49716
1.49692
1.49685
1.49656
1.49659
1.4967
1.49697
1.49694
1.49676
1.4968
1.49678
1.4969
1.49685
1.49684
1.4969
1.49717
1.49696
1.49687
1.49676
1.49685
1.49684
1.49695
1.4967
1.49675
1.49665
1.49672
1.49737
1.4974
1.49699
1.49671
1.49678
1.49689
1.49685
1.49659
1.49662
1.49664
1.4967
1.49672
1.49673
1.49667
1.49654
1.4967
1.49674
1.49694
1.49727
1.49725
1.49685
1.49662
1.49626
1.49637
1.49625
1.49619
1.49654
1.49641
1.4966
1.49691
1.49673
1.49684
1.49698
1.49674
1.49683
1.49678
1.4967
