0.9809
1.00192
0.989502
0.998534
0.998271
0.996956
0.998019
0.997774
1.00084
1.00287
1.00207
1.00322
1.00313
1.00329
1.00252
1.00396
1.00406
1.00347
1.0035
1.00252
1.00205
1.00169
1.00132
1.0015
1.002
1.00211
1.00256
1.00272
1.00298
1.00297
1.00263
1.00226
1.00286
1.00215
1.0019
1.00177
1.00223
1.00211
1.00207
1.0017
1.00174
1.00176
1.00177
1.00147
1.00138
1.00129
1.00114
1.00107
1.00118
1.00104
1.00111
1.00088
1.00105
1.00078
1.00062
1.00053
1.00077
1.00053
1.00036
1.00045
1.00002
1.00039
1.00039
1.00048
1.00063
1.00062
1.00104
1.00097
1.00115
1.00166
1.00175
1.00175
1.00185
1.00145
1.00145
1.00165
1.0014
1.00163
1.00181
1.00186
1.00218
1.00232
1.00221
1.00218
1.00191
1.0019
1.00185
1.00163
1.00152
1.00161
1.00124
1.00103
1.00091
1.0009
1.00072
1.00067
1.00072
1.00061
1.0005
1.00054
0
0.0210208
0.0173642
0.0152426
0.0118097
0.00973198
0.00829346
0.00718652
0.00703881
0.00661597
0.00603763
0.0056298
0.00517947
0.00479791
0.00453174
0.00447559
0.00420544
0.00400864
0.00379191
0.00372847
0.00357718
0.00343039
0.00329844
0.00316313
0.00307465
0.00295623
0.00287989
0.00277961
0.00269447
0.0026031
0.00254056
0.00248862
0.00248626
0.00251333
0.00245413
0.00238811
0.00236754
0.00230753
0.00224789
0.00222204
0.00216744
0.0021153
0.00206554
0.00203995
0.00199602
0.00195458
0.00191833
0.00187902
0.00184355
0.0018121
0.00177753
0.00175824
0.00173404
0.00172393
0.00169942
0.00167157
0.00166018
0.00164916
0.00162942
0.0016046
0.00163767
0.00165349
0.00162703
0.00160384
0.00158596
0.00156177
0.00159471
0.00157236
0.00155999
0.00161767
0.00159735
0.00157502
0.00155629
0.00158648
0.00156519
0.00155718
0.00155798
0.00155483
0.0015457
0.00152729
0.00154076
0.00152875
0.00151462
0.00149676
0.00150301
0.00148544
0.00146935
0.00146949
0.00145652
0.00144297
0.00147534
0.00147321
0.00146269
0.00144705
0.00144365
0.00142936
0.0014153
0.00140485
0.00139522
0.00138189
