0           0
1           0
1.41352    0.091453
1.73259    0.103288
1.99319     0.15911
2.23657    0.149429
2.44419    0.178121
2.63164    0.180704
2.84722    0.227591
3.00734    0.216719
3.16532    0.215485
3.34488    0.282194
3.45915     0.28033
3.58989    0.286249
3.74712    0.286751
3.86347    0.308891
4.021    0.312195
4.09709    0.332957
4.23878    0.320954
4.36142    0.365964
4.48995    0.327729
4.60505    0.351356
4.66924    0.357703
4.83874    0.375097
4.92438    0.303768
5.00151    0.388132
5.11942     0.38792
5.20335    0.409604
5.30115    0.415034
5.3804     0.45378
5.48243    0.423438
5.59092    0.400957
5.68157    0.481018
5.71675    0.427185
5.85932    0.518889
5.93095    0.436821
5.99344    0.508224
6.05128    0.475465
6.17531    0.518986
6.24482    0.502723
6.31553    0.504871
6.39955    0.539841
6.44717    0.515474
6.58937    0.525593
6.61165    0.544216
6.7011    0.583533
6.79097    0.638472
6.87473    0.589657
6.93392    0.569209
7.02504     0.60531
7.07418    0.569123
7.1614    0.662812
7.24901      0.5861
7.27842    0.614383
7.2814    0.576403
7.4622    0.668889
7.52035    0.589252
7.53144    0.616125
7.60818    0.588563
7.69592    0.638728
7.78538    0.637072
7.8438    0.615659
7.8963    0.579939
7.91326    0.703138
7.96142    0.643973
8.02514    0.646006
8.10835    0.683575
8.14632    0.612099
8.26185    0.782503
8.27508    0.707015
8.38347     0.67489
8.38187    0.642746
8.5171    0.800386
8.54457    0.664197
8.63638    0.721154
8.65645    0.684936
8.74052    0.642363
8.80901    0.722113
8.83898    0.693706
8.83526    0.672367
8.87956    0.816667
8.98782     0.69019
9.10279    0.660408
9.10006     0.73128
9.17696    0.760189
9.20102    0.733464
9.29722     0.70691
9.33403    0.719102
9.42269    0.813613
9.42682    0.840908
9.50936    0.756761
9.55939    0.783519
9.6375    0.747558
9.677    0.743511
9.67255    0.764176
9.72363    0.821573
9.75425    0.829533
9.82376    0.844797
9.86926    0.752814
9.98912    0.840508
72

  0.00456007
0.978853  0.00439009
0.981869  0.00452925
0.986469  0.00398998
0.994689  0.00444791
