0           0
1           0
1.42408   0.0738106
1.72731    0.113987
2.01201     0.13699
2.24767    0.159625
2.44213    0.178213
2.63629    0.223728
2.81229    0.195406
2.99028     0.22573
3.15503    0.237943
3.32935     0.27949
3.46791    0.290106
3.60924    0.277612
3.73708    0.287798
3.86334    0.251042
4.0031    0.296996
4.135    0.278957
4.26891    0.310484
4.35047    0.338168
4.46865    0.353582
4.59582    0.359317
4.68788    0.356377
4.80448    0.425783
4.88608    0.352046
5.00562    0.361134
5.10562    0.449873
5.22649    0.411184
5.2676    0.422942
5.38045     0.47284
5.46395    0.465038
5.58956    0.508697
5.63686     0.49193
5.7258    0.494176
5.82857    0.504333
5.91468    0.482255
6.03599    0.506937
6.0989    0.501961
6.16503    0.519389
6.23622    0.517354
6.33072    0.550724
6.42755     0.44336
6.47521    0.478558
6.5413    0.550285
6.61548    0.546477
6.67972    0.515475
6.77472     0.58767
6.8485      0.6004
6.88943    0.519796
7.0157    0.638978
7.08335    0.579979
7.13662    0.496192
7.19775     0.53108
7.25724    0.614389
7.37589      0.6721
7.38461    0.635778
7.47798    0.607261
7.53013    0.685881
7.57854    0.562785
7.70323     0.54959
7.77077    0.590756
7.8241    0.601943
7.90996    0.605604
7.93917    0.659574
8.01449    0.696351
8.11173    0.638434
8.08428    0.687512
8.1869    0.709623
8.26537    0.663813
8.28427    0.584834
8.34651    0.675097
8.47024    0.686869
8.48345    0.635315
8.58288    0.693101
8.59623    0.676032
8.67202    0.715215
8.67305    0.665799
8.74391    0.690824
8.88039    0.841748
8.91843    0.710797
8.91457    0.585868
8.96088    0.749195
9.06792    0.703631
9.01945    0.743575
9.15627    0.652462
9.19938    0.842295
9.28184    0.898509
9.32921    0.793694
9.3899    0.708217
9.42133    0.800778
9.52799    0.776243
9.53177    0.725522
9.51284    0.829789
9.68889    0.837994
9.67679    0.705431
9.76156    0.830681
9.79395    0.650592
9.82496    0.703384
9.8724     0.77399
9.95462    0.785627

526   0.0159368
0.978853   0.0146841
0.981869   0.0135472
0.986469   0.0116706
0.994689  0.00730482
.0643183
0.707744  0.00417968
0.713227   0.0633283
0.713227   0.0049747
0.719286   0.0623133
0.719286  0.00412585
0.72507   0.0613286
0.72507  0.00408133
0.736847   0.0599233
0.736847  0.00425494
0.737775   0.0593086
0.737775  0.00474122
0.747182   0.0580796
0.747182  0.00396253
0.752235    0.057182
0.752235  0.00453181
0.757326    0.056291
0.757326  0.00424194
0.769833   0.0548017
0.769833  0.00421042
0.776519     0.05378
0.776519  0.00426086
0.781844   0.0528784
0.781844  0.00415649
0.790433    0.051689
0.790433  0.00404176
0.793235   0.0510234
0.793235    0.004364
0.800692    0.049935
0.800692  0.00432849
0.810559   0.0486041
0.810559  0.00405764
0.807702   0.0485111
0.807702  0.00436208
0.817911   0.0471474
0.817911  0.00410873
0.825863    0.045988
0.825863  0.00502699
0.82791   0.0454407
0.82791   0.0043833
0.833959   0.0444765
0.833959  0.00393144
0.846334   0.0427987
0.846334  0.00404263
0.84775   0.0423395
0.84775  0.00484207
0.857599   0.0409014
0.857599  0.00419614
0.858954   0.0404622
0.858954  0.00434214
0.866484    0.039275
0.866484  0.00417808
0.866656   0.0389945
0.866656  0.00403223
0.873711   0.0378548
0.873711  0.00423236
0.887061   0.0358387
0.887061  0.00444277
0.891136   0.0350429
0.891136  0.00397857
0.890977   0.0348456
0.890977   0.0049018
0.895286   0.0340204
0.895286  0.00379677
0.906103   0.0322113
0.906103  0.00422243
0.901163   0.0327584
0.901163  0.00427983
0.91505   0.0304204
0.91505   0.0042943
0.918982   0.0295961
0.918982  0.00421557
0.927118   0.0280303
0.927118   0.0041502
0.932077   0.0269758
0.932077  0.00385273
0.938316   0.0256459
0.938316  0.00457714
0.941288   0.0249189
0.941288   0.0045651
0.952017   0.0225292
0.952017  0.00415083
0.952485   0.0223009
0.952485  0.00427441
0.950371   0.0226422
0.950371  0.00414345
0.967992   0.0182526
0.967992  0.00415504
0.96703   0.0184168
0.96703  0.00432413
0.97526   0.0159368
0.97526  0.00456007
0.978853   0.0146841
0.978853  0.00439009
0.981869   0.0135472
0.981869  0.00452925
0.986469   0.0116706
0.986469  0.00398998
0.994689  0.00730482
0.994689  0.00444791
